0.003681553891 0.000411242105
0.011044661673 0.000412621355
0.018407769455 0.000412624971
0.025770877236 0.000412630286
0.033133985018 0.000412640529
0.040497092800 0.000412655745
0.047860200582 0.000412675939
0.055223308364 0.000412701098
0.062586416146 0.000412731220
0.069949523928 0.000412766325
0.077312631709 0.000412806406
0.084675739491 0.000412851472
0.092038847273 0.000412901510
0.099401955055 0.000412956527
0.106765062837 0.000413016537
0.114128170619 0.000413081548
0.121491278401 0.000413151547
0.128854386182 0.000413226545
0.136217493964 0.000413306583
0.143580601746 0.000413391595
0.150943709528 0.000413481632
0.158306817310 0.000413576708
0.165669925092 0.000413676820
0.173033032874 0.000413781966
0.180396140655 0.000413892142
0.187759248437 0.000414007415
0.195122356219 0.000414127708
0.202485464001 0.000414253098
0.209848571783 0.000414383562
0.217211679565 0.000414519119
0.224574787346 0.000414659774
0.231937895128 0.000414805542
0.239301002910 0.000414956443
0.246664110692 0.000415112445
0.254027218474 0.000415273591
0.261390326256 0.000415439933
0.268753434038 0.000415611397
0.276116541819 0.000415788073
0.283479649601 0.000415969911
0.290842757383 0.000416156956
0.298205865165 0.000416349240
0.305568972947 0.000416546727
0.312932080729 0.000416749468
0.320295188511 0.000416957471
0.327658296292 0.000417170735
0.335021404074 0.000417389275
0.342384511856 0.000417613140
0.349747619638 0.000417842314
0.357110727420 0.000418076808
0.364473835202 0.000418316661
0.371836942983 0.000418561870
0.379200050765 0.000418812448
0.386563158547 0.000419068454
0.393926266329 0.000419329847
0.401289374111 0.000419596679
0.408652481893 0.000419868970
0.416015589675 0.000420146686
0.423378697456 0.000420429920
0.430741805238 0.000420718671
0.438104913020 0.000421012913
0.445468020802 0.000421312691
0.452831128584 0.000421618043
0.460194236366 0.000421928961
0.467557344148 0.000422245465
0.474920451929 0.000422567620
0.482283559711 0.000422895398
0.489646667493 0.000423228815
0.497009775275 0.000423567919
0.504372883057 0.000423912717
0.511735990839 0.000424263248
0.519099098621 0.000424619489
0.526462206402 0.000424981519
0.533825314184 0.000425349314
0.541188421966 0.000425722926
0.548551529748 0.000426102350
0.555914637530 0.000426487628
0.563277745312 0.000426878762
0.570640853093 0.000427275804
0.578003960875 0.000427678752
0.585367068657 0.000428087652
0.592730176439 0.000428502478
0.600093284221 0.000428923315
0.607456392003 0.000429350141
0.614819499785 0.000429783006
0.622182607566 0.000430221934
0.629545715348 0.000430666915
0.636908823130 0.000431117990
0.644271930912 0.000431575220
0.651635038694 0.000432038583
0.658998146476 0.000432508108
0.666361254258 0.000432983858
0.673724362039 0.000433465790
0.681087469821 0.000433953976
0.688450577603 0.000434448464
0.695813685385 0.000434949208
0.703176793167 0.000435456287
0.710539900949 0.000435969727
0.717903008730 0.000436489496
0.725266116512 0.000437015698
0.732629224294 0.000437548285
0.739992332076 0.000438087350
0.747355439858 0.000438632865
0.754718547640 0.000439184888
0.762081655422 0.000439743423
0.769444763203 0.000440308509
0.776807870985 0.000440880160
0.784170978767 0.000441458433
0.791534086549 0.000442043305
0.798897194331 0.000442634840
0.806260302113 0.000443233033
0.813623409895 0.000443837964
0.820986517676 0.000444449584
0.828349625458 0.000445067980
0.835712733240 0.000445693159
0.843075841022 0.000446325139
0.850438948804 0.000446963943
0.857802056586 0.000447609625
0.865165164368 0.000448262170
0.872528272149 0.000448921643
0.879891379931 0.000449588057
0.887254487713 0.000450261427
0.894617595495 0.000450941776
0.901980703277 0.000451629166
0.909343811059 0.000452323576
0.916706918840 0.000453025083
0.924070026622 0.000453733674
0.931433134404 0.000454449381
0.938796242186 0.000455172237
0.946159349968 0.000455902287
0.953522457750 0.000456639523
0.960885565532 0.000457383980
0.968248673313 0.000458135708
0.975611781095 0.000458894716
0.982974888877 0.000459661014
0.990337996659 0.000460434682
0.997701104441 0.000461215682
1.005064212223 0.000462004077
1.012427320005 0.000462799881
1.019790427786 0.000463603135
1.027153535568 0.000464413846
1.034516643350 0.000465232059
1.041879751132 0.000466057767
1.049242858914 0.000466891064
1.056605966696 0.000467731887
1.063969074477 0.000468580325
1.071332182259 0.000469436384
1.078695290041 0.000470300102
1.086058397823 0.000471171489
1.093421505605 0.000472050581
1.100784613387 0.000472937396
1.108147721169 0.000473831972
1.115510828950 0.000474734308
1.122873936732 0.000475644473
1.130237044514 0.000476562453
1.137600152296 0.000477488308
1.144963260078 0.000478422028
1.152326367860 0.000479363679
1.159689475642 0.000480313240
1.167052583423 0.000481270780
1.174415691205 0.000482236279
1.181778798987 0.000483209830
1.189141906769 0.000484191398
1.196505014551 0.000485181017
1.203868122333 0.000486178733
1.211231230115 0.000487184573
1.218594337896 0.000488198537
1.225957445678 0.000489220678
1.233320553460 0.000490250997
1.240683661242 0.000491289523
1.248046769024 0.000492336316
1.255409876806 0.000493391346
1.262772984587 0.000494454684
1.270136092369 0.000495526352
1.277499200151 0.000496606327
1.284862307933 0.000497694688
1.292225415715 0.000498791408
1.299588523497 0.000499896595
1.306951631279 0.000501010185
1.314314739060 0.000502132256
1.321677846842 0.000503262800
1.329040954624 0.000504401866
1.336404062406 0.000505549469
1.343767170188 0.000506705641
1.351130277970 0.000507870415
1.358493385752 0.000509043782
1.365856493533 0.000510225779
1.373219601315 0.000511416461
1.380582709097 0.000512615818
1.387945816879 0.000513823879
1.395308924661 0.000515040694
1.402672032443 0.000516266250
1.410035140224 0.000517500602
1.417398248006 0.000518743772
1.424761355788 0.000519995738
1.432124463570 0.000521256603
1.439487571352 0.000522526329
1.446850679134 0.000523804954
1.454213786916 0.000525092532
1.461576894697 0.000526389049
1.468940002479 0.000527694539
1.476303110261 0.000529009048
1.483666218043 0.000530332578
1.491029325825 0.000531665155
1.498392433607 0.000533006820
1.505755541389 0.000534357570
1.513118649170 0.000535717463
1.520481756952 0.000537086477
1.527844864734 0.000538464690
1.535207972516 0.000539852088
1.542571080298 0.000541248710
1.549934188080 0.000542654579
1.557297295861 0.000544069706
1.564660403643 0.000545494140
1.572023511425 0.000546927891
1.579386619207 0.000548370998
1.586749726989 0.000549823441
1.594112834771 0.000551285294
1.601475942553 0.000552756585
1.608839050334 0.000554237274
1.616202158116 0.000555727437
1.623565265898 0.000557227125
1.630928373680 0.000558736299
1.638291481462 0.000560255016
1.645654589244 0.000561783285
1.653017697026 0.000563321181
1.660380804807 0.000564868646
1.667743912589 0.000566425773
1.675107020371 0.000567992561
1.682470128153 0.000569569031
1.689833235935 0.000571155206
1.697196343717 0.000572751155
1.704559451499 0.000574356825
1.711922559280 0.000575972298
1.719285667062 0.000577597604
1.726648774844 0.000579232724
1.734011882626 0.000580877723
1.741374990408 0.000582532598
1.748738098190 0.000584197396
1.756101205971 0.000585872147
1.763464313753 0.000587556845
1.770827421535 0.000589251548
1.778190529317 0.000590956271
1.785553637099 0.000592671037
1.792916744881 0.000594395870
1.800279852663 0.000596130809
1.807642960444 0.000597875871
1.815006068226 0.000599631067
1.822369176008 0.000601396479
1.829732283790 0.000603172056
1.837095391572 0.000604957872
1.844458499354 0.000606753943
1.851821607136 0.000608560323
1.859184714917 0.000610376995
1.866547822699 0.000612204005
1.873910930481 0.000614041400
1.881274038263 0.000615889158
1.888637146045 0.000617747365
1.896000253827 0.000619616020
1.903363361608 0.000621495142
1.910726469390 0.000623384771
1.918089577172 0.000625284942
1.925452684954 0.000627195667
1.932815792736 0.000629116989
1.940178900518 0.000631048938
1.947542008300 0.000632991539
1.954905116081 0.000634944794
1.962268223863 0.000636908776
1.969631331645 0.000638883481
1.976994439427 0.000640868977
1.984357547209 0.000642865256
1.991720654991 0.000644872353
1.999083762773 0.000646890319
2.006446870554 0.000648919170
2.013809978336 0.000650958927
2.021173086118 0.000653009650
2.028536193900 0.000655071332
2.035899301682 0.000657144049
2.043262409464 0.000659227787
2.050625517246 0.000661322603
2.057988625027 0.000663428535
2.065351732809 0.000665545565
2.072714840591 0.000667673816
2.080077948373 0.000669813228
2.087441056155 0.000671963896
2.094804163937 0.000674125826
2.102167271718 0.000676299052
2.109530379500 0.000678483596
2.116893487282 0.000680679532
2.124256595064 0.000682886852
2.131619702846 0.000685105604
2.138982810628 0.000687335823
2.146345918410 0.000689577563
2.153709026191 0.000691830804
2.161072133973 0.000694095664
2.168435241755 0.000696372084
2.175798349537 0.000698660155
2.183161457319 0.000700959943
2.190524565101 0.000703271400
2.197887672883 0.000705594624
2.205250780664 0.000707929640
2.212613888446 0.000710276476
2.219976996228 0.000712635152
2.227340104010 0.000715005758
2.234703211792 0.000717388304
2.242066319574 0.000719782780
2.249429427356 0.000722189314
2.256792535137 0.000724607876
2.264155642919 0.000727038552
2.271518750701 0.000729481330
2.278881858483 0.000731936296
2.286244966265 0.000734403468
2.293608074047 0.000736882884
2.300971181828 0.000739374604
2.308334289610 0.000741878652
2.315697397392 0.000744395066
2.323060505174 0.000746923923
2.330423612956 0.000749465218
2.337786720738 0.000752019022
2.345149828520 0.000754585362
2.352512936301 0.000757164319
2.359876044083 0.000759755892
2.367239151865 0.000762360142
2.374602259647 0.000764977124
2.381965367429 0.000767606888
2.389328475211 0.000770249448
2.396691582993 0.000772904885
2.404054690774 0.000775573225
2.411417798556 0.000778254514
2.418780906338 0.000780948833
2.426144014120 0.000783656214
2.433507121902 0.000786376677
2.440870229684 0.000789110303
2.448233337465 0.000791857138
2.455596445247 0.000794617244
2.462959553029 0.000797390637
2.470322660811 0.000800177402
2.477685768593 0.000802977587
2.485048876375 0.000805791237
2.492411984157 0.000808618429
2.499775091938 0.000811459176
2.507138199720 0.000814313565
2.514501307502 0.000817181664
2.521864415284 0.000820063519
2.529227523066 0.000822959138
2.536590630848 0.000825868667
2.543953738630 0.000828792112
2.551316846411 0.000831729548
2.558679954193 0.000834681043
2.566043061975 0.000837646650
2.573406169757 0.000840626410
2.580769277539 0.000843620446
2.588132385321 0.000846628773
2.595495493103 0.000849651472
2.602858600884 0.000852688622
2.610221708666 0.000855740279
2.617584816448 0.000858806514
2.624947924230 0.000861887410
2.632311032012 0.000864983004
2.639674139794 0.000868093421
2.647037247575 0.000871218683
2.654400355357 0.000874358901
2.661763463139 0.000877514138
2.669126570921 0.000880684478
2.676489678703 0.000883869978
2.683852786485 0.000887070762
2.691215894267 0.000890286861
2.698579002048 0.000893518395
2.705942109830 0.000896765433
2.713305217612 0.000900028058
2.720668325394 0.000903306357
2.728031433176 0.000906600424
2.735394540958 0.000909910366
2.742757648740 0.000913236239
2.750120756521 0.000916578160
2.757483864303 0.000919936210
2.764846972085 0.000923310515
2.772210079867 0.000926701133
2.779573187649 0.000930108175
2.786936295431 0.000933531787
2.794299403212 0.000936971994
2.801662510994 0.000940428971
2.809025618776 0.000943902779
2.816388726558 0.000947393560
2.823751834340 0.000950901404
2.831114942122 0.000954426431
2.838478049904 0.000957968756
2.845841157685 0.000961528524
2.853204265467 0.000965105786
2.860567373249 0.000968700735
2.867930481031 0.000972313444
2.875293588813 0.000975944067
2.882656696595 0.000979592753
2.890019804377 0.000983259554
2.897382912158 0.000986944724
2.904746019940 0.000990648267
2.912109127722 0.000994370434
2.919472235504 0.000998111287
2.926835343286 0.001001871005
2.934198451068 0.001005649746
2.941561558850 0.001009447637
2.948924666631 0.001013264829
2.956287774413 0.001017101496
2.963650882195 0.001020957765
2.971013989977 0.001024833850
2.978377097759 0.001028729848
2.985740205541 0.001032645995
2.993103313322 0.001036582393
3.000466421104 0.001040539273
3.007829528886 0.001044516790
3.015192636668 0.001048515097
3.022555744450 0.001052534428
3.029918852232 0.001056574934
3.037281960014 0.001060636837
3.044645067795 0.001064720300
3.052008175577 0.001068825516
3.059371283359 0.001072952753
3.066734391141 0.001077102129
3.074097498923 0.001081273915
3.081460606705 0.001085468299
3.088823714487 0.001089685515
3.096186822268 0.001093925753
3.103549930050 0.001098189284
3.110913037832 0.001102476326
3.118276145614 0.001106787080
3.125639253396 0.001111121856
3.133002361178 0.001115480811
3.140365468960 0.001119864272
3.147728576741 0.001124272460
3.155091684523 0.001128705621
3.162454792305 0.001133164043
3.169817900087 0.001137647980
3.177181007869 0.001142157737
3.184544115651 0.001146693544
3.191907223432 0.001151255733
3.199270331214 0.001155844556
3.206633438996 0.001160460342
3.213996546778 0.001165103384
3.221359654560 0.001169773959
3.228722762342 0.001174472435
3.236085870124 0.001179199085
3.243448977905 0.001183954254
3.250812085687 0.001188738283
3.258175193469 0.001193551499
3.265538301251 0.001198394223
3.272901409033 0.001203266850
3.280264516815 0.001208169705
3.287627624597 0.001213103169
3.294990732378 0.001218067610
3.302353840160 0.001223063388
3.309716947942 0.001228090925
3.317080055724 0.001233150565
3.324443163506 0.001238242738
3.331806271288 0.001243367868
3.339169379069 0.001248526311
3.346532486851 0.001253718551
3.353895594633 0.001258944964
3.361258702415 0.001264206044
3.368621810197 0.001269502164
3.375984917979 0.001274833834
3.383348025761 0.001280201516
3.390711133542 0.001285605618
3.398074241324 0.001291046671
3.405437349106 0.001296525178
3.412800456888 0.001302041554
3.420163564670 0.001307596376
3.427526672452 0.001313190113
3.434889780234 0.001318823320
3.442252888015 0.001324496514
3.449615995797 0.001330210174
3.456979103579 0.001335964943
3.464342211361 0.001341761326
3.471705319143 0.001347599865
3.479068426925 0.001353481178
3.486431534707 0.001359405832
3.493794642488 0.001365374416
3.501157750270 0.001371387528
3.508520858052 0.001377445775
3.515883965834 0.001383549802
3.523247073616 0.001389700224
3.530610181398 0.001395897681
3.537973289179 0.001402142805
3.545336396961 0.001408436279
3.552699504743 0.001414778751
3.560062612525 0.001421170925
3.567425720307 0.001427613444
3.574788828089 0.001434107060
3.582151935871 0.001440652383
3.589515043652 0.001447250256
3.596878151434 0.001453901312
3.604241259216 0.001460606257
3.611604366998 0.001467365927
3.618967474780 0.001474180992
3.626330582562 0.001481052247
3.633693690344 0.001487980394
3.641056798125 0.001494966284
3.648419905907 0.001502010651
3.655783013689 0.001509114288
3.663146121471 0.001516277979
3.670509229253 0.001523502514
3.677872337035 0.001530788700
3.685235444816 0.001538137358
3.692598552598 0.001545549260
3.699961660380 0.001553025268
3.707324768162 0.001560566166
3.714687875944 0.001568172785
3.722050983726 0.001575845914
3.729414091508 0.001583586446
3.736777199289 0.001591395120
3.744140307071 0.001599272793
3.751503414853 0.001607220277
3.758866522635 0.001615238412
3.766229630417 0.001623327943
3.773592738199 0.001631489752
3.780955845981 0.001639724579
3.788318953762 0.001648033246
3.795682061544 0.001656416518
3.803045169326 0.001664875170
3.810408277108 0.001673409988
3.817771384890 0.001682021707
3.825134492672 0.001690711045
3.832497600454 0.001699478741
3.839860708235 0.001708325521
3.847223816017 0.001717252049
3.854586923799 0.001726259009
3.861950031581 0.001735347058
3.869313139363 0.001744516821
3.876676247145 0.001753768917
3.884039354926 0.001763103965
3.891402462708 0.001772522464
3.898765570490 0.001782025058
3.906128678272 0.001791612199
3.913491786054 0.001801284408
3.920854893836 0.001811042149
3.928218001618 0.001820885899
3.935581109399 0.001830816046
3.942944217181 0.001840833042
3.950307324963 0.001850937218
3.957670432745 0.001861128929
3.965033540527 0.001871408519
3.972396648309 0.001881776302
3.979759756091 0.001892232539
3.987122863872 0.001902777516
3.994485971654 0.001913411447
4.001849079436 0.001924134600
4.009212187218 0.001934947167
4.016575295000 0.001945849311
4.023938402782 0.001956841307
4.031301510563 0.001967923260
4.038664618345 0.001979095354
4.046027726127 0.001990357793
4.053390833909 0.002001710717
4.060753941691 0.002013154347
4.068117049473 0.002024688811
4.075480157255 0.002036314364
4.082843265036 0.002048031241
4.090206372818 0.002059839619
4.097569480600 0.002071739863
4.104932588382 0.002083732252
4.112295696164 0.002095817159
4.119658803946 0.002107995039
4.127021911728 0.002120266333
4.134385019509 0.002132631626
4.141748127291 0.002145091584
4.149111235073 0.002157646896
4.156474342855 0.002170298442
4.163837450637 0.002183047129
4.171200558419 0.002195894107
4.178563666201 0.002208840487
4.185926773982 0.002221887706
4.193289881764 0.002235037229
4.200652989546 0.002248290732
4.208016097328 0.002261650076
4.215379205110 0.002275117248
4.222742312892 0.002288694526
4.230105420673 0.002302384231
4.237468528455 0.002316189008
4.244831636237 0.002330111629
4.252194744019 0.002344155127
4.259557851801 0.002358322633
4.266920959583 0.002372617611
4.274284067365 0.002387043636
4.281647175146 0.002401604506
4.289010282928 0.002416304251
4.296373390710 0.002431147019
4.303736498492 0.002446137251
4.311099606274 0.002461279543
4.318462714056 0.002476578663
4.325825821838 0.002492039592
4.333188929619 0.002507667470
4.340552037401 0.002523467667
4.347915145183 0.002539445641
4.355278252965 0.002555607055
4.362641360747 0.002571957670
4.370004468529 0.002588503306
4.377367576310 0.002605249892
4.384730684092 0.002622203291
4.392093791874 0.002639369290
4.399456899656 0.002656753602
4.406820007438 0.002674361553
4.414183115220 0.002692198270
4.421546223002 0.002710268285
4.428909330783 0.002728575599
4.436272438565 0.002747123440
4.443635546347 0.002765914194
4.450998654129 0.002784949199
4.458361761911 0.002804228658
4.465724869693 0.002823751463
4.473087977475 0.002843515098
4.480451085256 0.002863515580
4.487814193038 0.002883747282
4.495177300820 0.002904202941
4.502540408602 0.002924873664
4.509903516384 0.002945748813
4.517266624166 0.002966816152
4.524629731948 0.002988061824
4.531992839729 0.003009470565
4.539355947511 0.003031025595
4.546719055293 0.003052709049
4.554082163075 0.003074501962
4.561445270857 0.003096384534
4.568808378639 0.003118336329
4.576171486420 0.003140336535
4.583534594202 0.003162364234
4.590897701984 0.003184398600
4.598260809766 0.003206419288
4.605623917548 0.003228406604
4.612987025330 0.003250341902
4.620350133112 0.003272207861
4.627713240893 0.003293988746
4.635076348675 0.003315670745
4.642439456457 0.003337242237
4.649802564239 0.003358694012
4.657165672021 0.003380019566
4.664528779803 0.003401215077
4.671891887585 0.003422279673
4.679254995366 0.003443215262
4.686618103148 0.003464026391
4.693981210930 0.003484720156
4.701344318712 0.003505305611
4.708707426494 0.003525793514
4.716070534276 0.003546195558
4.723433642057 0.003566523970
4.730796749839 0.003586790647
4.738159857621 0.003607006588
4.745522965403 0.003627181244
4.752886073185 0.003647321942
4.760249180967 0.003667433437
4.767612288749 0.003687517367
4.774975396530 0.003707572298
4.782338504312 0.003727593304
4.789701612094 0.003747572137
4.797064719876 0.003767497282
4.804427827658 0.003787354242
4.811790935440 0.003807125738
4.819154043222 0.003826792426
4.826517151003 0.003846333037
4.833880258785 0.003865725135
4.841243366567 0.003884945423
4.848606474349 0.003903970236
4.855969582131 0.003922775969
4.863332689913 0.003941339242
4.870695797694 0.003959637409
4.878058905476 0.003977648792
4.885422013258 0.003995353041
4.892785121040 0.004012731755
4.900148228822 0.004029768891
4.907511336604 0.004046451207
4.914874444386 0.004062768718
4.922237552167 0.004078714944
4.929600659949 0.004094286725
4.936963767731 0.004109484161
4.944326875513 0.004124309813
4.951689983295 0.004138768152
4.959053091077 0.004152864633
4.966416198859 0.004166604899
4.973779306640 0.004179994080
4.981142414422 0.004193036385
4.988505522204 0.004205734930
4.995868629986 0.004218091758
5.003231737768 0.004230108085
5.010594845550 0.004241784684
5.017957953332 0.004253122154
5.025321061113 0.004264121076
5.032684168895 0.004274782476
5.040047276677 0.004285107715
5.047410384459 0.004295098873
5.054773492241 0.004304758938
5.062136600023 0.004314092333
5.069499707804 0.004323105340
5.076862815586 0.004331806583
5.084225923368 0.004340207128
5.091589031150 0.004348320788
5.098952138932 0.004356163532
5.106315246714 0.004363753368
5.113678354496 0.004371109781
5.121041462277 0.004378253474
5.128404570059 0.004385206299
5.135767677841 0.004391991212
5.143130785623 0.004398632371
5.150493893405 0.004405155099
5.157857001187 0.004411585446
5.165220108969 0.004417949716
5.172583216750 0.004424273469
5.179946324532 0.004430580675
5.187309432314 0.004436892660
5.194672540096 0.004443227394
5.202035647878 0.004449599057
5.209398755660 0.004456017575
5.216761863441 0.004462488910
5.224124971223 0.004469014995
5.231488079005 0.004475594383
5.238851186787 0.004482222549
5.246214294569 0.004488892839
5.253577402351 0.004495596976
5.260940510133 0.004502325851
5.268303617914 0.004509070078
5.275666725696 0.004515820289
5.283029833478 0.004522567193
5.290392941260 0.004529301401
5.297756049042 0.004536013484
5.305119156824 0.004542693655
5.312482264606 0.004549332095
5.319845372387 0.004555918994
5.327208480169 0.004562444479
5.334571587951 0.004568898409
5.341934695733 0.004575269770
5.349297803515 0.004581546329
5.356660911297 0.004587714148
5.364024019078 0.004593758286
5.371387126860 0.004599663660
5.378750234642 0.004605416984
5.386113342424 0.004611008405
5.393476450206 0.004616433324
5.400839557988 0.004621693530
5.408202665770 0.004626797731
5.415565773551 0.004631761635
5.422928881333 0.004636607175
5.430291989115 0.004641361548
5.437655096897 0.004646055265
5.445018204679 0.004650720072
5.452381312461 0.004655386249
5.459744420243 0.004660080488
5.467107528024 0.004664823938
5.474470635806 0.004669631571
5.481833743588 0.004674512304
5.489196851370 0.004679470032
5.496559959152 0.004684504587
5.503923066934 0.004689612499
5.511286174716 0.004694787251
5.518649282497 0.004700019284
5.526012390279 0.004705296546
5.533375498061 0.004710605988
5.540738605843 0.004715936438
5.548101713625 0.004721282047
5.555464821407 0.004726645931
5.562827929188 0.004732042197
5.570191036970 0.004737496011
5.577554144752 0.004743041119
5.584917252534 0.004748715267
5.592280360316 0.004754555280
5.599643468098 0.004760592592
5.607006575880 0.004766850836
5.614369683661 0.004773345571
5.621732791443 0.004780086053
5.629095899225 0.004787077740
5.636459007007 0.004794324332
5.643822114789 0.004801828870
5.651185222571 0.004809593834
5.658548330353 0.004817620391
5.665911438134 0.004825907557
5.673274545916 0.004834451378
5.680637653698 0.004843243689
5.688000761480 0.004852270466
5.695363869262 0.004861510385
5.702726977044 0.004870935006
5.710090084825 0.004880511581
5.717453192607 0.004890209077
5.724816300389 0.004900005443
5.732179408171 0.004909893198
5.739542515953 0.004919879718
5.746905623735 0.004929982388
5.754268731517 0.004940219926
5.761631839298 0.004950605541
5.768994947080 0.004961144954
5.776358054862 0.004971841650
5.783721162644 0.004982704993
5.791084270426 0.004993756755
5.798447378208 0.005005031190
5.805810485990 0.005016568261
5.813173593771 0.005028404745
5.820536701553 0.005040568792
5.827899809335 0.005053082222
5.835262917117 0.005065968668
5.842626024899 0.005079262054
5.849989132681 0.005093007995
5.857352240462 0.005107256340
5.864715348244 0.005122048782
5.872078456026 0.005137409780
5.879441563808 0.005153347998
5.886804671590 0.005169867729
5.894167779372 0.005186983496
5.901530887154 0.005204726760
5.908893994935 0.005223140217
5.916257102717 0.005242262744
5.923620210499 0.005262118475
5.930983318281 0.005282720583
5.938346426063 0.005304092846
5.945709533845 0.005326296376
5.953072641627 0.005349442807
5.960435749408 0.005373679433
5.967798857190 0.005399149142
5.975161964972 0.005425946836
5.982525072754 0.005454099531
5.989888180536 0.005483586188
5.997251288318 0.005514385818
6.004614396100 0.005546520646
6.011977503881 0.005580058984
6.019340611663 0.005615067178
6.026703719445 0.005651537551
6.034066827227 0.005689342193
6.041429935009 0.005728254603
6.048793042791 0.005768039813
6.056156150572 0.005808568044
6.063519258354 0.005849884186
6.070882366136 0.005892186003
6.078245473918 0.005935716449
6.085608581700 0.005980629147
6.092971689482 0.006026906722
6.100334797264 0.006074383051
6.107697905045 0.006122857627
6.115061012827 0.006172230549
6.122424120609 0.006222568667
6.129787228391 0.006274051039
6.137150336173 0.006326815451
6.144513443955 0.006380791133
6.151876551737 0.006435618175
6.159239659518 0.006490709255
6.166602767300 0.006545431702
6.173965875082 0.006599322490
6.181328982864 0.006652229717
6.188692090646 0.006704314053
6.196055198428 0.006755914206
6.203418306209 0.006807349610
6.210781413991 0.006858758182
6.218144521773 0.006910044471
6.225507629555 0.006960952821
6.232870737337 0.007011217050
6.240233845119 0.007060705578
6.247596952901 0.007109491189
6.254960060682 0.007157818396
6.262323168464 0.007205994493
6.269686276246 0.007254261877
6.277049384028 0.007302710352
6.284412491810 0.007351260206
6.291775599592 0.007399711082
6.299138707374 0.007447824207
6.306501815155 0.007495399921
6.313864922937 0.007542325094
6.321228030719 0.007588585537
6.328591138501 0.007634254078
6.335954246283 0.007679468256
6.343317354065 0.007724403712
6.350680461846 0.007769240818
6.358043569628 0.007814119804
6.365406677410 0.007859086609
6.372769785192 0.007904046381
6.380132892974 0.007948747966
6.387496000756 0.007992819879
6.394859108538 0.008035858555
6.402222216319 0.008077544068
6.409585324101 0.008117739934
6.416948431883 0.008156531360
6.424311539665 0.008194177951
6.431674647447 0.008230991270
6.439037755229 0.008267182950
6.446400863011 0.008302744918
6.453763970792 0.008337413704
6.461127078574 0.008370736403
6.468490186356 0.008402212941
6.475853294138 0.008431456015
6.483216401920 0.008458302830
6.490579509702 0.008482835193
6.497942617484 0.008505304392
6.505305725265 0.008525999850
6.512668833047 0.008545122268
6.520031940829 0.008562718290
6.527395048611 0.008578701125
6.534758156393 0.008592943398
6.542121264175 0.008605395058
6.549484371956 0.008616172120
6.556847479738 0.008625577768
6.564210587520 0.008634050110
6.571573695302 0.008642062366
6.578936803084 0.008650020109
6.586299910866 0.008658197844
6.593663018648 0.008666738671
6.601026126429 0.008675712285
6.608389234211 0.008685202417
6.615752341993 0.008695382197
6.623115449775 0.008706541042
6.630478557557 0.008719046955
6.637841665339 0.008733255112
6.645204773121 0.008749397459
6.652567880902 0.008767497745
6.659930988684 0.008787349623
6.667294096466 0.008808573223
6.674657204248 0.008830732386
6.682020312030 0.008853467484
6.689383419812 0.008876584408
6.696746527593 0.008900054405
6.704109635375 0.008923918295
6.711472743157 0.008948138152
6.718835850939 0.008972473819
6.726198958721 0.008996456877
6.733562066503 0.009019490437
6.740925174285 0.009041038746
6.748288282066 0.009060823080
6.755651389848 0.009078933867
6.763014497630 0.009095807176
6.770377605412 0.009112074921
6.777740713194 0.009128353575
6.785103820976 0.009145058499
6.792466928758 0.009162316641
6.799830036539 0.009180002762
6.807193144321 0.009197871669
6.814556252103 0.009215720923
6.821919359885 0.009233513159
6.829282467667 0.009251413793
6.836645575449 0.009269741517
6.844008683230 0.009288865674
6.851371791012 0.009309098805
6.858734898794 0.009330621651
6.866098006576 0.009353454755
6.873461114358 0.009377466846
6.880824222140 0.009402402200
6.888187329922 0.009427913428
6.895550437703 0.009453596391
6.902913545485 0.009479032014
6.910276653267 0.009503836803
6.917639761049 0.009527714330
6.925002868831 0.009550491426
6.932365976613 0.009572122303
6.939729084395 0.009592654889
6.947092192176 0.009612170530
6.954455299958 0.009630722715
6.961818407740 0.009648303021
6.969181515522 0.009664850623
6.976544623304 0.009680301241
6.983907731086 0.009694650653
6.991270838868 0.009707999386
6.998633946649 0.009720552109
7.005997054431 0.009732565391
7.013360162213 0.009744261771
7.020723269995 0.009755745022
7.028086377777 0.009766953698
7.035449485559 0.009777675792
7.042812593340 0.009787623696
7.050175701122 0.009796543971
7.057538808904 0.009804321755
7.064901916686 0.009811040458
7.072265024468 0.009816973731
7.079628132250 0.009822511752
7.086991240032 0.009828047818
7.094354347813 0.009833865560
7.101717455595 0.009840066551
7.109080563377 0.009846561326
7.116443671159 0.009853125258
7.123806778941 0.009859496682
7.131169886723 0.009865481306
7.138532994505 0.009871025079
7.145896102286 0.009876229889
7.153259210068 0.009881305857
7.160622317850 0.009886478425
7.167985425632 0.009891884428
7.175348533414 0.009897498352
7.182711641196 0.009903119045
7.190074748977 0.009908425580
7.197437856759 0.009913085129
7.204800964541 0.009916874522
7.212164072323 0.009919771000
7.219527180105 0.009921976412
7.226890287887 0.009923862847
7.234253395669 0.009925857309
7.241616503450 0.009928307364
7.248979611232 0.009931379515
7.256342719014 0.009935027783
7.263705826796 0.009939041198
7.271068934578 0.009943145222
7.278432042360 0.009947112469
7.285795150142 0.009950840666
7.293158257923 0.009954376640
7.300521365705 0.009957891605
7.307884473487 0.009961629413
7.315247581269 0.009965849359
7.322610689051 0.009970773545
7.329973796833 0.009976537524
7.337336904615 0.009983143522
7.344700012396 0.009990424252
7.352063120178 0.009998037074
7.359426227960 0.010005506190
7.366789335742 0.010012315550
7.374152443524 0.010018031391
7.381515551306 0.010022415637
7.388878659087 0.010025489028
7.396241766869 0.010027518406
7.403604874651 0.010028930234
7.410967982433 0.010030180920
7.418331090215 0.010031632913
7.425694197997 0.010033485334
7.433057305779 0.010035785251
7.440420413560 0.010038507958
7.447783521342 0.010041657139
7.455146629124 0.010045323341
7.462509736906 0.010049659537
7.469872844688 0.010054787405
7.477235952470 0.010060696730
7.484599060252 0.010067216195
7.491962168033 0.010074090322
7.499325275815 0.010081121593
7.506688383597 0.010088280606
7.514051491379 0.010095702001
7.521414599161 0.010103566809
7.528777706943 0.010111965376
7.536140814724 0.010120856604
7.543503922506 0.010130163503
7.550867030288 0.010139925432
7.558230138070 0.010150369496
7.565593245852 0.010161824620
7.572956353634 0.010174535691
7.580319461416 0.010188528101
7.587682569197 0.010203635414
7.595045676979 0.010219665344
7.602408784761 0.010236557387
7.609771892543 0.010254385730
7.617135000325 0.010273186581
7.624498108107 0.010292737923
7.631861215889 0.010312474673
7.639224323670 0.010331640134
7.646587431452 0.010349616288
7.653950539234 0.010366249415
7.661313647016 0.010381974951
7.668676754798 0.010397653363
7.676039862580 0.010414186152
7.683402970361 0.010432101753
7.690766078143 0.010451316885
7.698129185925 0.010471190831
7.705492293707 0.010490845423
7.712855401489 0.010509599394
7.720218509271 0.010527317850
7.727581617053 0.010544525376
7.734944724834 0.010562240128
7.742307832616 0.010581606015
7.749670940398 0.010603474728
7.757034048180 0.010628099405
7.764397155962 0.010655052861
7.771760263744 0.010683399930
7.779123371526 0.010712066488
7.786486479307 0.010740273730
7.793849587089 0.010767871034
7.801212694871 0.010795419956
7.808575802653 0.010823967611
7.815938910435 0.010854579926
7.823302018217 0.010887830221
7.830665125999 0.010923484947
7.838028233780 0.010960559216
7.845391341562 0.010997745177
7.852754449344 0.011034028469
7.860117557126 0.011069196984
7.867480664908 0.011103978303
7.874843772690 0.011139709007
7.882206880471 0.011177667454
7.889569988253 0.011218379469
7.896933096035 0.011261242953
7.904296203817 0.011304681273
7.911659311599 0.011346783425
7.919022419381 0.011386140327
7.926385527163 0.011422472835
7.933748634944 0.011456736176
7.941111742726 0.011490640079
7.948474850508 0.011525813999
7.955837958290 0.011563022270
7.963201066072 0.011601803396
7.970564173854 0.011640695621
7.977927281636 0.011677926307
7.985290389417 0.011712230077
7.992653497199 0.011743412637
8.000016604981 0.011772407808
8.007379712763 0.011800815578
8.014742820545 0.011830146047
8.022105928327 0.011861121926
8.029469036108 0.011893354773
8.036832143890 0.011925530461
8.044195251672 0.011956004123
8.051558359454 0.011983525720
8.058921467236 0.012007773446
8.066284575018 0.012029474756
8.073647682800 0.012050091293
8.081010790581 0.012071236225
8.088373898363 0.012094096184
8.095737006145 0.012119097841
8.103100113927 0.012145917363
8.110463221709 0.012173756899
8.117826329491 0.012201704220
8.125189437273 0.012229001682
8.132552545054 0.012255161261
8.139915652836 0.012279984017
8.147278760618 0.012303585558
8.154641868400 0.012326465799
8.162004976182 0.012349549996
8.169368083964 0.012374077493
8.176731191745 0.012401284574
8.184094299527 0.012431984216
8.191457407309 0.012466266156
8.198820515091 0.012503514455
8.206183622873 0.012542758481
8.213546730655 0.012583155304
8.220909838437 0.012624307363
8.228272946218 0.012666227230
8.235636054000 0.012709000522
8.242999161782 0.012752397755
8.250362269564 0.012795707244
8.257725377346 0.012837899962
8.265088485128 0.012878016657
8.272451592910 0.012915542502
8.279814700691 0.012950566092
8.287177808473 0.012983660189
8.294540916255 0.013015568203
8.301904024037 0.013046864242
8.309267131819 0.013077752293
8.316630239601 0.013108090322
8.323993347383 0.013137591939
8.331356455164 0.013166043225
8.338719562946 0.013193371310
8.346082670728 0.013219537901
8.353445778510 0.013244402014
8.360808886292 0.013267739509
8.368171994074 0.013289467202
8.375535101855 0.013309921656
8.382898209637 0.013329964826
8.390261317419 0.013350792089
8.397624425201 0.013373506853
8.404987532983 0.013398663937
8.412350640765 0.013426005571
8.419713748547 0.013454534045
8.427076856328 0.013482918173
8.434439964110 0.013510066812
8.441803071892 0.013535591743
8.449166179674 0.013559903680
8.456529287456 0.013583861379
8.463892395238 0.013608152859
8.471255503020 0.013632777908
8.478618610801 0.013656985043
8.485981718583 0.013679763569
8.493344826365 0.013700639394
8.500707934147 0.013720293982
8.508071041929 0.013740582506
8.515434149711 0.013763847993
8.522797257492 0.013791822468
8.530160365274 0.013824649384
8.537523473056 0.013860531783
8.544886580838 0.013896230028
8.552249688620 0.013928236870
8.559612796402 0.013954132994
8.566975904184 0.013973528525
8.574339011965 0.013988177642
8.581702119747 0.014001226653
8.589065227529 0.014015941000
8.596428335311 0.014034476784
8.603791443093 0.014057220018
8.611154550875 0.014082932341
8.618517658657 0.014109551688
8.625880766438 0.014135198993
8.633243874220 0.014158894809
8.640606982002 0.014180699506
8.647970089784 0.014201314652
8.655333197566 0.014221432223
8.662696305348 0.014241186832
8.670059413129 0.014259965883
8.677422520911 0.014276648427
8.684785628693 0.014290156810
8.692148736475 0.014300070195
8.699511844257 0.014307009129
8.706874952039 0.014312583402
8.714238059821 0.014318887640
8.721601167602 0.014327747997
8.728964275384 0.014340047866
8.736327383166 0.014355417162
8.743690490948 0.014372390316
8.751053598730 0.014388941992
8.758416706512 0.014403193700
8.765779814294 0.014414063517
8.773142922075 0.014421658830
8.780506029857 0.014427260721
8.787869137639 0.014432851011
8.795232245421 0.014440318297
8.802595353203 0.014450690252
8.809958460985 0.014463813156
8.817321568767 0.014478687584
8.824684676548 0.014494234345
8.832047784330 0.014509919806
8.839410892112 0.014525754216
8.846773999894 0.014541691715
8.854137107676 0.014556992060
8.861500215458 0.014570166626
8.868863323239 0.014579647948
8.876226431021 0.014584715121
8.883589538803 0.014586002667
8.890952646585 0.014585258763
8.898315754367 0.014584565616
8.905678862149 0.014585537422
8.913041969931 0.014588897688
8.920405077712 0.014594501315
8.927768185494 0.014601613255
8.935131293276 0.014609227357
8.942494401058 0.014616325360
8.949857508840 0.014622077428
8.957220616622 0.014625994776
8.964583724404 0.014627999739
8.971946832185 0.014628365071
8.979309939967 0.014627523141
8.986673047749 0.014625823255
8.994036155531 0.014623356367
9.001399263313 0.014619936560
9.008762371095 0.014615245800
9.016125478876 0.014609062662
9.023488586658 0.014601455818
9.030851694440 0.014592845756
9.038214802222 0.014583905175
9.045577910004 0.014575343357
9.052941017786 0.014567666376
9.060304125568 0.014561005866
9.067667233349 0.014555074700
9.075030341131 0.014549257469
9.082393448913 0.014542802050
9.089756556695 0.014535054799
9.097119664477 0.014525674167
9.104482772259 0.014514762817
9.111845880041 0.014502873758
9.119208987822 0.014490875748
9.126572095604 0.014479705037
9.133935203386 0.014470073108
9.141298311168 0.014462224849
9.148661418950 0.014455833640
9.156024526732 0.014450077179
9.163387634513 0.014443874733
9.170750742295 0.014436210169
9.178113850077 0.014426435790
9.185476957859 0.014414462078
9.192840065641 0.014400778641
9.200203173423 0.014386307987
9.207566281205 0.014372140300
9.214929388986 0.014359226704
9.222292496768 0.014348110914
9.229655604550 0.014338763852
9.237018712332 0.014330558554
9.244381820114 0.014322390992
9.251744927896 0.014312921414
9.259108035678 0.014300881762
9.266471143459 0.014285376815
9.273834251241 0.014266101754
9.281197359023 0.014243415302
9.288560466805 0.014218242884
9.295923574587 0.014191831024
9.303286682369 0.014165420179
9.310649790151 0.014139932072
9.318012897932 0.014115767141
9.325376005714 0.014092774585
9.332739113496 0.014070399339
9.340102221278 0.014047947140
9.347465329060 0.014024865270
9.354828436842 0.014000931101
9.362191544623 0.013976280724
9.369554652405 0.013951277581
9.376917760187 0.013926290557
9.384280867969 0.013901489023
9.391643975751 0.013876750269
9.399007083533 0.013851718636
9.406370191315 0.013825979137
9.413733299096 0.013799250958
9.421096406878 0.013771496238
9.428459514660 0.013742888247
9.435822622442 0.013713665846
9.443185730224 0.013683976271
9.450548838006 0.013653825322
9.457911945788 0.013623192635
9.465275053569 0.013592253426
9.472638161351 0.013561548966
9.480001269133 0.013531938619
9.487364376915 0.013504278446
9.494727484697 0.013478954979
9.502090592479 0.013455542085
9.509453700260 0.013432836792
9.516816808042 0.013409338619
9.524179915824 0.013383968934
9.531543023606 0.013356650597
9.538906131388 0.013328416992
9.546269239170 0.013300974586
9.553632346952 0.013275944949
9.560995454733 0.013254167618
9.568358562515 0.013235373578
9.575721670297 0.013218319172
9.583084778079 0.013201262585
9.590447885861 0.013182576006
9.597810993643 0.013161304617
9.605174101425 0.013137529464
9.612537209206 0.013112422210
9.619900316988 0.013087923246
9.627263424770 0.013066081252
9.634626532552 0.013048246710
9.641989640334 0.013034432990
9.649352748116 0.013023149743
9.656715855897 0.013011846451
9.664078963679 0.012997841778
9.671442071461 0.012979380457
9.678805179243 0.012956368632
9.686168287025 0.012930447058
9.693531394807 0.012904330390
9.700894502589 0.012880662668
9.708257610370 0.012860868591
9.715620718152 0.012844507391
9.722983825934 0.012829432375
9.730346933716 0.012812706348
9.737710041498 0.012791876865
9.745073149280 0.012766044428
9.752436257062 0.012736246108
9.759799364843 0.012704990511
9.767162472625 0.012675167861
9.774525580407 0.012648836116
9.781888688189 0.012626421203
9.789251795971 0.012606655635
9.796614903753 0.012587227388
9.803978011535 0.012565793431
9.811341119316 0.012540882028
9.818704227098 0.012512311660
9.826067334880 0.012481023220
9.833430442662 0.012448505428
9.840793550444 0.012416150949
9.848156658226 0.012384847925
9.855519766007 0.012354932290
9.862882873789 0.012326412313
9.870245981571 0.012299248363
9.877609089353 0.012273485906
9.884972197135 0.012249171815
9.892335304917 0.012226143525
9.899698412699 0.012203871960
9.907061520480 0.012181509801
9.914424628262 0.012158170796
9.921787736044 0.012133317493
9.929150843826 0.012107053544
9.936513951608 0.012080149835
9.943877059390 0.012053763118
9.951240167172 0.012028960993
9.958603274953 0.012006264622
9.965966382735 0.011985412971
9.973329490517 0.011965448991
9.980692598299 0.011945082826
9.988055706081 0.011923170549
9.995418813863 0.011899109967
10.002781921644 0.011873005124
10.010145029426 0.011845559957
10.017508137208 0.011817774286
10.024871244990 0.011790583496
10.032234352772 0.011764583132
10.039597460554 0.011739921459
10.046960568336 0.011716360689
10.054323676117 0.011693441690
10.061686783899 0.011670663246
10.069049891681 0.011647606964
10.076412999463 0.011623985818
10.083776107245 0.011599638462
10.091139215027 0.011574511621
10.098502322809 0.011548661768
10.105865430590 0.011522276735
10.113228538372 0.011495689512
10.120591646154 0.011469348811
10.127954753936 0.011443729734
10.135317861718 0.011419201366
10.142680969500 0.011395896816
10.150044077282 0.011373639510
10.157407185063 0.011351962658
10.164770292845 0.011330225184
10.172133400627 0.011307791525
10.179496508409 0.011284219118
10.186859616191 0.011259394032
10.194222723973 0.011233572120
10.201585831754 0.011207312927
10.208948939536 0.011181326704
10.216312047318 0.011156279696
10.223675155100 0.011132612939
10.231038262882 0.011110424355
10.238401370664 0.011089444154
10.245764478446 0.011069107740
10.253127586227 0.011048704918
10.260490694009 0.011027565096
10.267853801791 0.011005230302
10.275216909573 0.010981571623
10.282580017355 0.010956819840
10.289943125137 0.010931503133
10.297306232919 0.010906309703
10.304669340700 0.010881912863
10.312032448482 0.010858805971
10.319395556264 0.010837190577
10.326758664046 0.010816945283
10.334121771828 0.010797678308
10.341484879610 0.010778843780
10.348847987391 0.010759884945
10.356211095173 0.010740364346
10.363574202955 0.010720048413
10.370937310737 0.010698931258
10.378300418519 0.010677200414
10.385663526301 0.010655162489
10.393026634083 0.010633153697
10.400389741864 0.010611459640
10.407752849646 0.010590261602
10.415115957428 0.010569616566
10.422479065210 0.010549469050
10.429842172992 0.010529686060
10.437205280774 0.010510103572
10.444568388556 0.010490573155
10.451931496337 0.010470999557
10.459294604119 0.010451362633
10.466657711901 0.010431720846
10.474020819683 0.010412196001
10.481383927465 0.010392943073
10.488747035247 0.010374111032
10.496110143028 0.010355803166
10.503473250810 0.010338045849
10.510836358592 0.010320772945
10.518199466374 0.010303830137
10.525562574156 0.010286998890
10.532925681938 0.010270035154
10.540288789720 0.010252714841
10.547651897501 0.010234875897
10.555015005283 0.010216448063
10.562378113065 0.010197463760
10.569741220847 0.010178047958
10.577104328629 0.010158389640
10.584467436411 0.010138701551
10.591830544193 0.010119177424
10.599193651974 0.010099956160
10.606556759756 0.010081100422
10.613919867538 0.010062593205
10.621282975320 0.010044351972
10.628646083102 0.010026255301
10.636009190884 0.010008175188
10.643372298666 0.009990006974
10.650735406447 0.009971690603
10.658098514229 0.009953219728
10.665461622011 0.009934637926
10.672824729793 0.009916025059
10.680187837575 0.009897478038
10.687550945357 0.009879091048
10.694914053138 0.009860939485
10.702277160920 0.009843070288
10.709640268702 0.009825499090
10.717003376484 0.009808213452
10.724366484266 0.009791179896
10.731729592048 0.009774352582
10.739092699830 0.009757681482
10.746455807611 0.009741118969
10.753818915393 0.009724623904
10.761182023175 0.009708163559
10.768545130957 0.009691713361
10.775908238739 0.009675255257
10.783271346521 0.009658775019
10.790634454303 0.009642259444
10.797997562084 0.009625693712
10.805360669866 0.009609060086
10.812723777648 0.009592338214
10.820086885430 0.009575507582
10.827449993212 0.009558551806
10.834813100994 0.009541464275
10.842176208775 0.009524253619
10.849539316557 0.009506947547
10.856902424339 0.009489593390
10.864265532121 0.009472254534
10.871628639903 0.009455002284
10.878991747685 0.009437904715
10.886354855467 0.009421014035
10.893717963248 0.009404355391
10.901081071030 0.009387919690
10.908444178812 0.009371662221
10.915807286594 0.009355507938
10.923170394376 0.009339362651
10.930533502158 0.009323127971
10.937896609940 0.009306717233
10.945259717721 0.009290069168
10.952622825503 0.009273156624
10.959985933285 0.009255989052
10.967349041067 0.009238608094
10.974712148849 0.009221078102
10.982075256631 0.009203473535
10.989438364412 0.009185865933
10.996801472194 0.009168313459
11.004164579976 0.009150854477
11.011527687758 0.009133506274
11.018890795540 0.009116268162
11.026253903322 0.009099127843
11.033617011104 0.009082068830
11.040980118885 0.009065076983
11.048343226667 0.009048144588
11.055706334449 0.009031271347
11.063069442231 0.009014462420
11.070432550013 0.008997724442
11.077795657795 0.008981061048
11.085158765577 0.008964469397
11.092521873358 0.008947938427
11.099884981140 0.008931449793
11.107248088922 0.008914980713
11.114611196704 0.008898508153
11.121974304486 0.008882013129
11.129337412268 0.008865483980
11.136700520050 0.008848917764
11.144063627831 0.008832319488
11.151426735613 0.008815699630
11.158789843395 0.008799070543
11.166152951177 0.008782442917
11.173516058959 0.008765823265
11.180879166741 0.008749213191
11.188242274522 0.008732610644
11.195605382304 0.008716012845
11.202968490086 0.008699420162
11.210331597868 0.008682839757
11.217694705650 0.008666288038
11.225057813432 0.008649791012
11.232420921214 0.008633382219
11.239784028995 0.008617098493
11.247147136777 0.008600974215
11.254510244559 0.008585035523
11.261873352341 0.008569295407
11.269236460123 0.008553751175
11.276599567905 0.008538384721
11.283962675687 0.008523165947
11.291325783468 0.008508058437
11.298688891250 0.008493026595
11.306051999032 0.008478042590
11.313415106814 0.008463091968
11.320778214596 0.008448176611
11.328141322378 0.008433314646
11.335504430159 0.008418537364
11.342867537941 0.008403883758
11.350230645723 0.008389393706
11.357593753505 0.008375101361
11.364956861287 0.008361029566
11.372319969069 0.008347186766
11.379683076851 0.008333566407
11.387046184632 0.008320149187
11.394409292414 0.008306907402
11.401772400196 0.008293810391
11.409135507978 0.008280829950
11.416498615760 0.008267944750
11.423861723542 0.008255142683
11.431224831324 0.008242421184
11.438587939105 0.008229785430
11.445951046887 0.008217245284
11.453314154669 0.008204811802
11.460677262451 0.008192493901
11.468040370233 0.008180296072
11.475403478015 0.008168217006
11.482766585796 0.008156249385
11.490129693578 0.008144380439
11.497492801360 0.008132592956
11.504855909142 0.008120866777
11.512219016924 0.008109180233
11.519582124706 0.008097511852
11.526945232488 0.008085841801
11.534308340269 0.008074153240
11.541671448051 0.008062433155
11.549034555833 0.008050672680
11.556397663615 0.008038866782
11.563760771397 0.008027013357
11.571123879179 0.008015112026
11.578486986961 0.008003162809
11.585850094742 0.007991165231
11.593213202524 0.007979117606
11.600576310306 0.007967017286
11.607939418088 0.007954860931
11.615302525870 0.007942645336
11.622665633652 0.007930367850
11.630028741434 0.007918026762
11.637391849215 0.007905620995
11.644754956997 0.007893149629
11.652118064779 0.007880611091
11.659481172561 0.007868002528
11.666844280343 0.007855319347
11.674207388125 0.007842555300
11.681570495906 0.007829702928
11.688933603688 0.007816754398
11.696296711470 0.007803702627
11.703659819252 0.007790542424
11.711022927034 0.007777271599
11.718386034816 0.007763891819
11.725749142598 0.007750409123
11.733112250379 0.007736834039
11.740475358161 0.007723181154
11.747838465943 0.007709468335
11.755201573725 0.007695715370
11.762564681507 0.007681942551
11.769927789289 0.007668169123
11.777290897071 0.007654411982
11.784654004852 0.007640684714
11.792017112634 0.007626997304
11.799380220416 0.007613356359
11.806743328198 0.007599765760
11.814106435980 0.007586227777
11.821469543762 0.007572744074
11.828832651543 0.007559316772
11.836195759325 0.007545948968
11.843558867107 0.007532645012
11.850921974889 0.007519410283
11.858285082671 0.007506250617
11.865648190453 0.007493171659
11.873011298235 0.007480178089
11.880374406016 0.007467272994
11.887737513798 0.007454457510
11.895100621580 0.007441730655
11.902463729362 0.007429089450
11.909826837144 0.007416529234
11.917189944926 0.007404044114
11.924553052708 0.007391627413
11.931916160489 0.007379272214
11.939279268271 0.007366971636
11.946642376053 0.007354719104
11.954005483835 0.007342508374
11.961368591617 0.007330333415
11.968731699399 0.007318188216
11.976094807180 0.007306066433
11.983457914962 0.007293961166
11.990821022744 0.007281864841
11.998184130526 0.007269769252
12.005547238308 0.007257665869
12.012910346090 0.007245546453
12.020273453872 0.007233403634
12.027636561653 0.007221231768
12.034999669435 0.007209027429
12.042362777217 0.007196789899
12.049725884999 0.007184521144
12.057088992781 0.007172225535
12.064452100563 0.007159909227
12.071815208345 0.007147579333
12.079178316126 0.007135243038
12.086541423908 0.007122906760
12.093904531690 0.007110575528
12.101267639472 0.007098252692
12.108630747254 0.007085939705
12.115993855036 0.007073636449
12.123356962818 0.007061341397
12.130720070599 0.007049052158
12.138083178381 0.007036765716
12.145446286163 0.007024478860
12.152809393945 0.007012188310
12.160172501727 0.006999890900
12.167535609509 0.006987583609
12.174898717290 0.006975263561
12.182261825072 0.006962928076
12.189624932854 0.006950574549
12.196988040636 0.006938200640
12.204351148418 0.006925804075
12.211714256200 0.006913382771
12.219077363982 0.006900934742
12.226440471763 0.006888458091
12.233803579545 0.006875950986
12.241166687327 0.006863411655
12.248529795109 0.006850838515
12.255892902891 0.006838230264
12.263256010673 0.006825586198
12.270619118455 0.006812906369
12.277982226236 0.006800191963
12.285345334018 0.006787445401
12.292708441800 0.006774670498
12.300071549582 0.006761872316
12.307434657364 0.006749056958
12.314797765146 0.006736231173
12.322160872927 0.006723401807
12.329523980709 0.006710575317
12.336887088491 0.006697757306
12.344250196273 0.006684952138
12.351613304055 0.006672162812
12.358976411837 0.006659390957
12.366339519619 0.006646637013
12.373702627400 0.006633900566
12.381065735182 0.006621180691
12.388428842964 0.006608476305
12.395791950746 0.006595786453
12.403155058528 0.006583110490
12.410518166310 0.006570448093
12.417881274092 0.006557799313
12.425244381873 0.006545164317
12.432607489655 0.006532543430
12.439970597437 0.006519936840
12.447333705219 0.006507344627
12.454696813001 0.006494766657
12.462059920783 0.006482202609
12.469423028564 0.006469652034
12.476786136346 0.006457114385
12.484149244128 0.006444589084
12.491512351910 0.006432075591
12.498875459692 0.006419573420
12.506238567474 0.006407082173
12.513601675256 0.006394601568
12.520964783037 0.006382131474
12.528327890819 0.006369671928
12.535690998601 0.006357223234
12.543054106383 0.006344785918
12.550417214165 0.006332360831
12.557780321947 0.006319949078
12.565143429729 0.006307552046
12.572506537510 0.006295171277
12.579869645292 0.006282808422
12.587232753074 0.006270465135
12.594595860856 0.006258143034
12.601958968638 0.006245843603
12.609322076420 0.006233568267
12.616685184202 0.006221318433
12.624048291983 0.006209095545
12.631411399765 0.006196901264
12.638774507547 0.006184737497
12.646137615329 0.006172606542
12.653500723111 0.006160511044
12.660863830893 0.006148453997
12.668226938674 0.006136438634
12.675590046456 0.006124468273
12.682953154238 0.006112546164
12.690316262020 0.006100675293
12.697679369802 0.006088858288
12.705042477584 0.006077097246
12.712405585366 0.006065393739
12.719768693147 0.006053748773
12.727131800929 0.006042162863
12.734494908711 0.006030636073
12.741858016493 0.006019168148
12.749221124275 0.006007758560
12.756584232057 0.005996406656
12.763947339839 0.005985111676
12.771310447620 0.005973872844
12.778673555402 0.005962689428
12.786036663184 0.005951560741
12.793399770966 0.005940486189
12.800762878748 0.005929465267
12.808125986530 0.005918497601
12.815489094311 0.005907582875
12.822852202093 0.005896720837
12.830215309875 0.005885911258
12.837578417657 0.005875153837
12.844941525439 0.005864448169
12.852304633221 0.005853793632
12.859667741003 0.005843189348
12.867030848784 0.005832634128
12.874393956566 0.005822126451
12.881757064348 0.005811664477
12.889120172130 0.005801246095
12.896483279912 0.005790869001
12.903846387694 0.005780530780
12.911209495476 0.005770229061
12.918572603257 0.005759961561
12.925935711039 0.005749726286
12.933298818821 0.005739521479
12.940661926603 0.005729345795
12.948025034385 0.005719198279
12.955388142167 0.005709078332
12.962751249949 0.005698985703
12.970114357730 0.005688920445
12.977477465512 0.005678882829
12.984840573294 0.005668873284
12.992203681076 0.005658892329
12.999566788858 0.005648940532
13.006929896640 0.005639018451
13.014293004421 0.005629126606
13.021656112203 0.005619265445
13.029019219985 0.005609435362
13.036382327767 0.005599636625
13.043745435549 0.005589869431
13.051108543331 0.005580133808
13.058471651113 0.005570429686
13.065834758894 0.005560756826
13.073197866676 0.005551114800
13.080560974458 0.005541503020
13.087924082240 0.005531920714
13.095287190022 0.005522366953
13.102650297804 0.005512840662
13.110013405586 0.005503340659
13.117376513367 0.005493865710
13.124739621149 0.005484414550
13.132102728931 0.005474985916
13.139465836713 0.005465578631
13.146828944495 0.005456191567
13.154192052277 0.005446823679
13.161555160058 0.005437474009
13.168918267840 0.005428141659
13.176281375622 0.005418825791
13.183644483404 0.005409525560
13.191007591186 0.005400240164
13.198370698968 0.005390968756
13.205733806750 0.005381710490
13.213096914531 0.005372464513
13.220460022313 0.005363229979
13.227823130095 0.005354006079
13.235186237877 0.005344792067
13.242549345659 0.005335587299
13.249912453441 0.005326391285
13.257275561223 0.005317203652
13.264638669004 0.005308024274
13.272001776786 0.005298853138
13.279364884568 0.005289690474
13.286727992350 0.005280536636
13.294091100132 0.005271392178
13.301454207914 0.005262257709
13.308817315695 0.005253133991
13.316180423477 0.005244021782
13.323543531259 0.005234921889
13.330906639041 0.005225835073
13.338269746823 0.005216762102
13.345632854605 0.005207703619
13.352995962387 0.005198660232
13.360359070168 0.005189632428
13.367722177950 0.005180620618
13.375085285732 0.005171625083
13.382448393514 0.005162646011
13.389811501296 0.005153683506
13.397174609078 0.005144737558
13.404537716860 0.005135808084
13.411900824641 0.005126894931
13.419263932423 0.005117997893
13.426627040205 0.005109116694
13.433990147987 0.005100251062
13.441353255769 0.005091400675
13.448716363551 0.005082565250
13.456079471333 0.005073744475
13.463442579114 0.005064938120
13.470805686896 0.005056145939
13.478168794678 0.005047367777
13.485531902460 0.005038603511
13.492895010242 0.005029853099
13.500258118024 0.005021116525
13.507621225805 0.005012393870
13.514984333587 0.005003685235
13.522347441369 0.004994990795
13.529710549151 0.004986310755
13.537073656933 0.004977645379
13.544436764715 0.004968994936
13.551799872497 0.004960359749
13.559162980278 0.004951740159
13.566526088060 0.004943136520
13.573889195842 0.004934549231
13.581252303624 0.004925978689
13.588615411406 0.004917425323
13.595978519188 0.004908889586
13.603341626970 0.004900371941
13.610704734751 0.004891872868
13.618067842533 0.004883392869
13.625430950315 0.004874932444
13.632794058097 0.004866492097
13.640157165879 0.004858072323
13.647520273661 0.004849673618
13.654883381442 0.004841296432
13.662246489224 0.004832941221
13.669609597006 0.004824608369
13.676972704788 0.004816298264
13.684335812570 0.004808011212
13.691698920352 0.004799747497
13.699062028134 0.004791507375
13.706425135915 0.004783291029
13.713788243697 0.004775098626
13.721151351479 0.004766930286
13.728514459261 0.004758786103
13.735877567043 0.004750666116
13.743240674825 0.004742570359
13.750603782607 0.004734498810
13.757966890388 0.004726451425
13.765329998170 0.004718428119
13.772693105952 0.004710428800
13.780056213734 0.004702453315
13.787419321516 0.004694501533
13.794782429298 0.004686573268
13.802145537079 0.004678668352
13.809508644861 0.004670786636
13.816871752643 0.004662927943
13.824234860425 0.004655092165
13.831597968207 0.004647279188
13.838961075989 0.004639488971
13.846324183771 0.004631721470
13.853687291552 0.004623976703
13.861050399334 0.004616254716
13.868413507116 0.004608555573
13.875776614898 0.004600879356
13.883139722680 0.004593226152
13.890502830462 0.004585596038
13.897865938244 0.004577989094
13.905229046025 0.004570405372
13.912592153807 0.004562844895
13.919955261589 0.004555307676
13.927318369371 0.004547793711
13.934681477153 0.004540302973
13.942044584935 0.004532835408
13.949407692717 0.004525390994
13.956770800498 0.004517969663
13.964133908280 0.004510571365
13.971497016062 0.004503196043
13.978860123844 0.004495843647
13.986223231626 0.004488514071
13.993586339408 0.004481207245
14.000949447189 0.004473923019
14.008312554971 0.004466661225
14.015675662753 0.004459421638
14.023038770535 0.004452203967
14.030401878317 0.004445007850
14.037764986099 0.004437832862
14.045128093881 0.004430678484
14.052491201662 0.004423544132
14.059854309444 0.004416429134
14.067217417226 0.004409332754
14.074580525008 0.004402254200
14.081943632790 0.004395192605
14.089306740572 0.004388147076
14.096669848354 0.004381116660
14.104032956135 0.004374100412
14.111396063917 0.004367097368
14.118759171699 0.004360106556
14.126122279481 0.004353127048
14.133485387263 0.004346157955
14.140848495045 0.004339198436
14.148211602826 0.004332247731
14.155574710608 0.004325305195
14.162937818390 0.004318370247
14.170300926172 0.004311442494
14.177664033954 0.004304521635
14.185027141736 0.004297607539
14.192390249518 0.004290700222
14.199753357299 0.004283799875
14.207116465081 0.004276906806
14.214479572863 0.004270021500
14.221842680645 0.004263144562
14.229205788427 0.004256276707
14.236568896209 0.004249418754
14.243932003991 0.004242571580
14.251295111772 0.004235736127
14.258658219554 0.004228913340
14.266021327336 0.004222104161
14.273384435118 0.004215309522
14.280747542900 0.004208530270
14.288110650682 0.004201767218
14.295473758463 0.004195021066
14.302836866245 0.004188292457
14.310199974027 0.004181581881
14.317563081809 0.004174889782
14.324926189591 0.004168216467
14.332289297373 0.004161562169
14.339652405155 0.004154927032
14.347015512936 0.004148311120
14.354378620718 0.004141714451
14.361741728500 0.004135136991
14.369104836282 0.004128578656
14.376467944064 0.004122039376
14.383831051846 0.004115519045
14.391194159628 0.004109017587
14.398557267409 0.004102534919
14.405920375191 0.004096071005
14.413283482973 0.004089625823
14.420646590755 0.004083199407
14.428009698537 0.004076791807
14.435372806319 0.004070403135
14.442735914101 0.004064033535
14.450099021882 0.004057683182
14.457462129664 0.004051352291
14.464825237446 0.004045041113
14.472188345228 0.004038749909
14.479551453010 0.004032478965
14.486914560792 0.004026228574
14.494277668573 0.004019999054
14.501640776355 0.004013790693
14.509003884137 0.004007603802
14.516366991919 0.004001438671
14.523730099701 0.003995295571
14.531093207483 0.003989174750
14.538456315265 0.003983076441
14.545819423046 0.003977000835
14.553182530828 0.003970948082
14.560545638610 0.003964918291
14.567908746392 0.003958911524
14.575271854174 0.003952927802
14.582634961956 0.003946967077
14.589998069738 0.003941029250
14.597361177519 0.003935114195
14.604724285301 0.003929221713
14.612087393083 0.003923351566
14.619450500865 0.003917503498
14.626813608647 0.003911677182
14.634176716429 0.003905872308
14.641539824210 0.003900088509
14.648902931992 0.003894325428
14.656266039774 0.003888582684
14.663629147556 0.003882859879
14.670992255338 0.003877156650
14.678355363120 0.003871472585
14.685718470902 0.003865807314
14.693081578683 0.003860160459
14.700444686465 0.003854531632
14.707807794247 0.003848920483
14.715170902029 0.003843326651
14.722534009811 0.003837749783
14.729897117593 0.003832189550
14.737260225375 0.003826645615
14.744623333156 0.003821117660
14.751986440938 0.003815605367
14.759349548720 0.003810108416
14.766712656502 0.003804626498
14.774075764284 0.003799159289
14.781438872066 0.003793706467
14.788801979847 0.003788267696
14.796165087629 0.003782842633
14.803528195411 0.003777430923
14.810891303193 0.003772032185
14.818254410975 0.003766646052
14.825617518757 0.003761272115
14.832980626539 0.003755909973
14.840343734320 0.003750559216
14.847706842102 0.003745219423
14.855069949884 0.003739890191
14.862433057666 0.003734571091
14.869796165448 0.003729261733
14.877159273230 0.003723961719
14.884522381012 0.003718670674
14.891885488793 0.003713388248
14.899248596575 0.003708114103
14.906611704357 0.003702847941
14.913974812139 0.003697589482
14.921337919921 0.003692338488
14.928701027703 0.003687094761
14.936064135485 0.003681858132
14.943427243266 0.003676628500
14.950790351048 0.003671405775
14.958153458830 0.003666189961
14.965516566612 0.003660981086
14.972879674394 0.003655779236
14.980242782176 0.003650584566
14.987605889957 0.003645397265
14.994968997739 0.003640217594
15.002332105521 0.003635045835
15.009695213303 0.003629882345
15.017058321085 0.003624727481
15.024421428867 0.003619581653
15.031784536649 0.003614445287
15.039147644430 0.003609318817
15.046510752212 0.003604202668
15.053873859994 0.003599097282
15.061236967776 0.003594003071
15.068600075558 0.003588920415
15.075963183340 0.003583849684
15.083326291122 0.003578791191
15.090689398903 0.003573745220
15.098052506685 0.003568711991
15.105415614467 0.003563691685
15.112778722249 0.003558684409
15.120141830031 0.003553690226
15.127504937813 0.003548709142
15.134868045594 0.003543741085
15.142231153376 0.003538785954
15.149594261158 0.003533843567
15.156957368940 0.003528913708
15.164320476722 0.003523996108
15.171683584504 0.003519090457
15.179046692286 0.003514196394
15.186409800067 0.003509313557
15.193772907849 0.003504441522
15.201136015631 0.003499579872
15.208499123413 0.003494728150
15.215862231195 0.003489885899
15.223225338977 0.003485052661
15.230588446759 0.003480227960
15.237951554540 0.003475411348
15.245314662322 0.003470602350
15.252677770104 0.003465800543
15.260040877886 0.003461005486
15.267403985668 0.003456216785
15.274767093450 0.003451434061
15.282130201231 0.003446656959
15.289493309013 0.003441885168
15.296856416795 0.003437118410
15.304219524577 0.003432356430
15.311582632359 0.003427599032
15.318945740141 0.003422846037
15.326308847923 0.003418097332
15.333671955704 0.003413352808
15.341035063486 0.003408612427
15.348398171268 0.003403876158
15.355761279050 0.003399144026
15.363124386832 0.003394416066
15.370487494614 0.003389692349
15.377850602396 0.003384972982
15.385213710177 0.003380258073
15.392576817959 0.003375547758
15.399939925741 0.003370842191
15.407303033523 0.003366141536
15.414666141305 0.003361445945
15.422029249087 0.003356755610
15.429392356869 0.003352070691
15.436755464650 0.003347391360
15.444118572432 0.003342717785
15.451481680214 0.003338050124
15.458844787996 0.003333388528
15.466207895778 0.003328733140
15.473571003560 0.003324084102
15.480934111341 0.003319441534
15.488297219123 0.003314805578
15.495660326905 0.003310176343
15.503023434687 0.003305553968
15.510386542469 0.003300938562
15.517749650251 0.003296330280
15.525112758033 0.003291729232
15.532475865814 0.003287135569
15.539838973596 0.003282549442
15.547202081378 0.003277970992
15.554565189160 0.003273400377
15.561928296942 0.003268837757
15.569291404724 0.003264283279
15.576654512506 0.003259737113
15.584017620287 0.003255199403
15.591380728069 0.003250670297
15.598743835851 0.003246149951
15.606106943633 0.003241638499
15.613470051415 0.003237136060
15.620833159197 0.003232642779
15.628196266978 0.003228158748
15.635559374760 0.003223684101
15.642922482542 0.003219218914
15.650285590324 0.003214763295
15.657648698106 0.003210317313
15.665011805888 0.003205881046
15.672374913670 0.003201454574
15.679738021451 0.003197037943
15.687101129233 0.003192631213
15.694464237015 0.003188234434
15.701827344797 0.003183847643
15.709190452579 0.003179470872
15.716553560361 0.003175104172
15.723916668143 0.003170747546
15.731279775924 0.003166401032
15.738642883706 0.003162064644
15.746005991488 0.003157738405
15.753369099270 0.003153422333
15.760732207052 0.003149116446
15.768095314834 0.003144820767
15.775458422616 0.003140535315
15.782821530397 0.003136260125
15.790184638179 0.003131995216
15.797547745961 0.003127740632
15.804910853743 0.003123496393
15.812273961525 0.003119262541
15.819637069307 0.003115039120
15.827000177088 0.003110826150
15.834363284870 0.003106623689
15.841726392652 0.003102431776
15.849089500434 0.003098250466
15.856452608216 0.003094079804
15.863815715998 0.003089919864
15.871178823780 0.003085770718
15.878541931561 0.003081632438
15.885905039343 0.003077505116
15.893268147125 0.003073388838
15.900631254907 0.003069283692
15.907994362689 0.003065189765
15.915357470471 0.003061107147
15.922720578253 0.003057035912
15.930083686034 0.003052976124
15.937446793816 0.003048927825
15.944809901598 0.003044891064
15.952173009380 0.003040865845
15.959536117162 0.003036852167
15.966899224944 0.003032850001
15.974262332725 0.003028859290
15.981625440507 0.003024879957
15.988988548289 0.003020911881
15.996351656071 0.003016954927
16.003714763853 0.003013008900
16.011077871635 0.003009073624
16.018440979417 0.003005148827
16.025804087198 0.003001234265
16.033167194980 0.002997329649
16.040530302762 0.002993434681
16.047893410544 0.002989549032
16.055256518326 0.002985672411
16.062619626108 0.002981804474
16.069982733890 0.002977944912
16.077345841671 0.002974093414
16.084708949453 0.002970249666
16.092072057235 0.002966413378
16.099435165017 0.002962584240
16.106798272799 0.002958761982
16.114161380581 0.002954946323
16.121524488363 0.002951136999
16.128887596144 0.002947333759
16.136250703926 0.002943536368
16.143613811708 0.002939744605
16.150976919490 0.002935958263
16.158340027272 0.002932177161
16.165703135054 0.002928401125
16.173066242835 0.002924629996
16.180429350617 0.002920863626
16.187792458399 0.002917101869
16.195155566181 0.002913344599
16.202518673963 0.002909591671
16.209881781745 0.002905842953
16.217244889527 0.002902098316
16.224607997308 0.002898357631
16.231971105090 0.002894620762
16.239334212872 0.002890887598
16.246697320654 0.002887158020
16.254060428436 0.002883431925
16.261423536218 0.002879709209
16.268786644000 0.002875989789
16.276149751781 0.002872273585
16.283512859563 0.002868560513
16.290875967345 0.002864850493
16.298239075127 0.002861143477
16.305602182909 0.002857439380
16.312965290691 0.002853738143
16.320328398473 0.002850039713
16.327691506254 0.002846344027
16.335054614036 0.002842651042
16.342417721818 0.002838960718
16.349780829600 0.002835273016
16.357143937382 0.002831587900
16.364507045164 0.002827905336
16.371870152946 0.002824225289
16.379233260727 0.002820547697
16.386596368509 0.002816872502
16.393959476291 0.002813199617
16.401322584073 0.002809528950
16.408685691855 0.002805860364
16.416048799637 0.002802193728
16.423411907418 0.002798528878
16.430775015200 0.002794865657
16.438138122982 0.002791203864
16.445501230764 0.002787543338
16.452864338546 0.002783883882
16.460227446328 0.002780225312
16.467590554110 0.002776567451
16.474953661891 0.002772910111
16.482316769673 0.002769253118
16.489679877455 0.002765596298
16.497042985237 0.002761939467
16.504406093019 0.002758282460
16.511769200801 0.002754625094
16.519132308583 0.002750967207
16.526495416364 0.002747308626
16.533858524146 0.002743649192
16.541221631928 0.002739988748
16.548584739710 0.002736327145
16.555947847492 0.002732664249
16.563310955274 0.002728999930
16.570674063056 0.002725334065
16.578037170837 0.002721666566
16.585400278619 0.002717997325
16.592763386401 0.002714326278
16.600126494183 0.002710653369
16.607489601965 0.002706978558
16.614852709747 0.002703301849
16.622215817528 0.002699623251
16.629578925310 0.002695942815
16.636942033092 0.002692260631
16.644305140874 0.002688576816
16.651668248656 0.002684891537
16.659031356438 0.002681204968
16.666394464220 0.002677517340
16.673757572001 0.002673828907
16.681120679783 0.002670139945
16.688483787565 0.002666450736
16.695846895347 0.002662761599
16.703210003129 0.002659072850
16.710573110911 0.002655384799
16.717936218693 0.002651697766
16.725299326474 0.002648012062
16.732662434256 0.002644327985
16.740025542038 0.002640645822
16.747388649820 0.002636965834
16.754751757602 0.002633288283
16.762114865384 0.002629613379
16.769477973166 0.002625941348
16.776841080947 0.002622272367
16.784204188729 0.002618606590
16.791567296511 0.002614944178
16.798930404293 0.002611285234
16.806293512075 0.002607629886
16.813656619857 0.002603978215
16.821019727639 0.002600330307
16.828382835420 0.002596686244
16.835745943202 0.002593046100
16.843109050984 0.002589409930
16.850472158766 0.002585777806
16.857835266548 0.002582149788
16.865198374330 0.002578525941
16.872561482111 0.002574906313
16.879924589893 0.002571290966
16.887287697675 0.002567679953
16.894650805457 0.002564073306
16.902013913239 0.002560471080
16.909377021021 0.002556873313
16.916740128803 0.002553280024
16.924103236584 0.002549691254
16.931466344366 0.002546107027
16.938829452148 0.002542527373
16.946192559930 0.002538952322
16.953555667712 0.002535381905
16.960918775494 0.002531816156
16.968281883276 0.002528255122
16.975644991057 0.002524698853
16.983008098839 0.002521147395
16.990371206621 0.002517600803
16.997734314403 0.002514059146
17.005097422185 0.002510522474
17.012460529967 0.002506990845
17.019823637749 0.002503464318
17.027186745530 0.002499942920
17.034549853312 0.002496426696
17.041912961094 0.002492915658
17.049276068876 0.002489409805
17.056639176658 0.002485909118
17.064002284440 0.002482413562
17.071365392222 0.002478923090
17.078728500003 0.002475437627
17.086091607785 0.002471957098
17.093454715567 0.002468481402
17.100817823349 0.002465010464
17.108180931131 0.002461544170
17.115544038913 0.002458082427
17.122907146694 0.002454625166
17.130270254476 0.002451172298
17.137633362258 0.002447723774
17.144996470040 0.002444279553
17.152359577822 0.002440839618
17.159722685604 0.002437403973
17.167085793386 0.002433972638
17.174448901167 0.002430545658
17.181812008949 0.002427123101
17.189175116731 0.002423705049
17.196538224513 0.002420291595
17.203901332295 0.002416882852
17.211264440077 0.002413478944
17.218627547859 0.002410079992
17.225990655640 0.002406686138
17.233353763422 0.002403297508
17.240716871204 0.002399914248
17.248079978986 0.002396536480
17.255443086768 0.002393164343
17.262806194550 0.002389797967
17.270169302332 0.002386437463
17.277532410113 0.002383082953
17.284895517895 0.002379734542
17.292258625677 0.002376392340
17.299621733459 0.002373056433
17.306984841241 0.002369726926
17.314347949023 0.002366403890
17.321711056804 0.002363087425
17.329074164586 0.002359777584
17.336437272368 0.002356474466
17.343800380150 0.002353178120
17.351163487932 0.002349888624
17.358526595714 0.002346606037
17.365889703496 0.002343330419
17.373252811277 0.002340061814
17.380615919059 0.002336800287
17.387979026841 0.002333545873
17.395342134623 0.002330298604
17.402705242405 0.002327058520
17.410068350187 0.002323825629
17.417431457969 0.002320599956
17.424794565750 0.002317381491
17.432157673532 0.002314170234
17.439520781314 0.002310966163
17.446883889096 0.002307769245
17.454246996878 0.002304579456
17.461610104660 0.002301396747
17.468973212442 0.002298221067
17.476336320223 0.002295052381
17.483699428005 0.002291890621
17.491062535787 0.002288735769
17.498425643569 0.002285587770
17.505788751351 0.002282446616
17.513151859133 0.002279312297
17.520514966915 0.002276184821
17.527878074696 0.002273064219
17.535241182478 0.002269950548
17.542604290260 0.002266843869
17.549967398042 0.002263744282
17.557330505824 0.002260651896
17.564693613606 0.002257566828
17.572056721387 0.002254489223
17.579419829169 0.002251419214
17.586782936951 0.002248356950
17.594146044733 0.002245302569
17.601509152515 0.002242256207
17.608872260297 0.002239217978
17.616235368079 0.002236187990
17.623598475860 0.002233166325
17.630961583642 0.002230153050
17.638324691424 0.002227148199
17.645687799206 0.002224151800
17.653050906988 0.002221163851
17.660414014770 0.002218184327
17.667777122552 0.002215213205
17.675140230333 0.002212250435
17.682503338115 0.002209295965
17.689866445897 0.002206349743
17.697229553679 0.002203411712
17.704592661461 0.002200481821
17.711955769243 0.002197560024
17.719318877025 0.002194646287
17.726681984806 0.002191740577
17.734045092588 0.002188842886
17.741408200370 0.002185953199
17.748771308152 0.002183071532
17.756134415934 0.002180197897
17.763497523716 0.002177332311
17.770860631497 0.002174474810
17.778223739279 0.002171625419
17.785586847061 0.002168784182
17.792949954843 0.002165951131
17.800313062625 0.002163126296
17.807676170407 0.002160309712
17.815039278189 0.002157501401
17.822402385970 0.002154701386
17.829765493752 0.002151909670
17.837128601534 0.002149126272
17.844491709316 0.002146351186
17.851854817098 0.002143584407
17.859217924880 0.002140825925
17.866581032662 0.002138075726
17.873944140443 0.002135333789
17.881307248225 0.002132600103
17.888670356007 0.002129874645
17.896033463789 0.002127157390
17.903396571571 0.002124448344
17.910759679353 0.002121747476
17.918122787135 0.002119054776
17.925485894916 0.002116370252
17.932849002698 0.002113693890
17.940212110480 0.002111025685
17.947575218262 0.002108365648
17.954938326044 0.002105713766
17.962301433826 0.002103070047
17.969664541608 0.002100434484
17.977027649389 0.002097807071
17.984390757171 0.002095187796
17.991753864953 0.002092576639
17.999116972735 0.002089973584
18.006480080517 0.002087378597
18.013843188299 0.002084791649
18.021206296080 0.002082212697
18.028569403862 0.002079641699
18.035932511644 0.002077078598
18.043295619426 0.002074523359
18.050658727208 0.002071975913
18.058021834990 0.002069436216
18.065384942772 0.002066904209
18.072748050553 0.002064379843
18.080111158335 0.002061863059
18.087474266117 0.002059353827
18.094837373899 0.002056852090
18.102200481681 0.002054357813
18.109563589463 0.002051870964
18.116926697245 0.002049391504
18.124289805026 0.002046919412
18.131652912808 0.002044454663
18.139016020590 0.002041997235
18.146379128372 0.002039547108
18.153742236154 0.002037104267
18.161105343936 0.002034668695
18.168468451718 0.002032240371
18.175831559499 0.002029819285
18.183194667281 0.002027405412
18.190557775063 0.002024998738
18.197920882845 0.002022599238
18.205283990627 0.002020206884
18.212647098409 0.002017821654
18.220010206191 0.002015443514
18.227373313972 0.002013072436
18.234736421754 0.002010708383
18.242099529536 0.002008351319
18.249462637318 0.002006001210
18.256825745100 0.002003658014
18.264188852882 0.002001321701
18.271551960663 0.001998992231
18.278915068445 0.001996669566
18.286278176227 0.001994353689
18.293641284009 0.001992044560
18.301004391791 0.001989742152
18.308367499573 0.001987446453
18.315730607355 0.001985157434
18.323093715136 0.001982875096
18.330456822918 0.001980599419
18.337819930700 0.001978330401
18.345183038482 0.001976068037
18.352546146264 0.001973812324
18.359909254046 0.001971563270
18.367272361828 0.001969320861
18.374635469609 0.001967085118
18.381998577391 0.001964856027
18.389361685173 0.001962633597
18.396724792955 0.001960417815
18.404087900737 0.001958208680
18.411451008519 0.001956006178
18.418814116301 0.001953810302
18.426177224082 0.001951621020
18.433540331864 0.001949438313
18.440903439646 0.001947262155
18.448266547428 0.001945092504
18.455629655210 0.001942929318
18.462992762992 0.001940772554
18.470355870773 0.001938622151
18.477718978555 0.001936478062
18.485082086337 0.001934340225
18.492445194119 0.001932208568
18.499808301901 0.001930083030
18.507171409683 0.001927963530
18.514534517465 0.001925850005
18.521897625246 0.001923742376
18.529260733028 0.001921640574
18.536623840810 0.001919544514
18.543986948592 0.001917454124
18.551350056374 0.001915369352
18.558713164156 0.001913290091
18.566076271938 0.001911216308
18.573439379719 0.001909147924
18.580802487501 0.001907084879
18.588165595283 0.001905027116
18.595528703065 0.001902974591
18.602891810847 0.001900927247
18.610254918629 0.001898885051
18.617618026411 0.001896847962
18.624981134192 0.001894815952
18.632344241974 0.001892788989
18.639707349756 0.001890767056
18.647070457538 0.001888750134
18.654433565320 0.001886738217
18.661796673102 0.001884731284
18.669159780884 0.001882729347
18.676522888665 0.001880732390
18.683885996447 0.001878740418
18.691249104229 0.001876753436
18.698612212011 0.001874771443
18.705975319793 0.001872794451
18.713338427575 0.001870822456
18.720701535356 0.001868855465
18.728064643138 0.001866893469
18.735427750920 0.001864936485
18.742790858702 0.001862984498
18.750153966484 0.001861037491
18.757517074266 0.001859095477
18.764880182048 0.001857158424
18.772243289829 0.001855226312
18.779606397611 0.001853299123
18.786969505393 0.001851376827
18.794332613175 0.001849459386
18.801695720957 0.001847546766
18.809058828739 0.001845638921
18.816421936521 0.001843735800
18.823785044302 0.001841837363
18.831148152084 0.001839943542
18.838511259866 0.001838054283
18.845874367648 0.001836169525
18.853237475430 0.001834289202
18.860600583212 0.001832413250
18.867963690994 0.001830541591
18.875326798775 0.001828674167
18.882689906557 0.001826810902
18.890053014339 0.001824951723
18.897416122121 0.001823096556
18.904779229903 0.001821245338
18.912142337685 0.001819397993
18.919505445466 0.001817554451
18.926868553248 0.001815714643
18.934231661030 0.001813878509
18.941594768812 0.001812045970
18.948957876594 0.001810216981
18.956320984376 0.001808391468
18.963684092158 0.001806569374
18.971047199939 0.001804750650
18.978410307721 0.001802935241
18.985773415503 0.001801123094
18.993136523285 0.001799314159
19.000499631067 0.001797508400
19.007862738849 0.001795705765
19.015225846631 0.001793906222
19.022588954412 0.001792109728
19.029952062194 0.001790316248
19.037315169976 0.001788525754
19.044678277758 0.001786738210
19.052041385540 0.001784953586
19.059404493322 0.001783171852
19.066767601104 0.001781392981
19.074130708885 0.001779616949
19.081493816667 0.001777843724
19.088856924449 0.001776073286
19.096220032231 0.001774305606
19.103583140013 0.001772540656
19.110946247795 0.001770778416
19.118309355577 0.001769018860
19.125672463358 0.001767261964
19.133035571140 0.001765507700
19.140398678922 0.001763756055
19.147761786704 0.001762006991
19.155124894486 0.001760260502
19.162488002268 0.001758516556
19.169851110049 0.001756775137
19.177214217831 0.001755036230
19.184577325613 0.001753299802
19.191940433395 0.001751565857
19.199303541177 0.001749834365
19.206666648959 0.001748105315
19.214029756741 0.001746378697
19.221392864522 0.001744654503
19.228755972304 0.001742932711
19.236119080086 0.001741213330
19.243482187868 0.001739496331
19.250845295650 0.001737781726
19.258208403432 0.001736069502
19.265571511214 0.001734359656
19.272934618995 0.001732652181
19.280297726777 0.001730947073
19.287660834559 0.001729244331
19.295023942341 0.001727543954
19.302387050123 0.001725845938
19.309750157905 0.001724150272
19.317113265687 0.001722456962
19.324476373468 0.001720765999
19.331839481250 0.001719077380
19.339202589032 0.001717391098
19.346565696814 0.001715707147
19.353928804596 0.001714025520
19.361291912378 0.001712346208
19.368655020160 0.001710669207
19.376018127941 0.001708994495
19.383381235723 0.001707322074
19.390744343505 0.001705651923
19.398107451287 0.001703984034
19.405470559069 0.001702318395
19.412833666851 0.001700654988
19.420196774632 0.001698993800
19.427559882414 0.001697334815
19.434922990196 0.001695678016
19.442286097978 0.001694023393
19.449649205760 0.001692370930
19.457012313542 0.001690720602
19.464375421324 0.001689072408
19.471738529105 0.001687426318
19.479101636887 0.001685782328
19.486464744669 0.001684140426
19.493827852451 0.001682500583
19.501190960233 0.001680862805
19.508554068015 0.001679227066
19.515917175797 0.001677593362
19.523280283578 0.001675961677
19.530643391360 0.001674332008
19.538006499142 0.001672704340
19.545369606924 0.001671078666
19.552732714706 0.001669454983
19.560095822488 0.001667833276
19.567458930270 0.001666213546
19.574822038051 0.001664595787
19.582185145833 0.001662979988
19.589548253615 0.001661366151
19.596911361397 0.001659754267
19.604274469179 0.001658144340
19.611637576961 0.001656536358
19.619000684742 0.001654930327
19.626363792524 0.001653326240
19.633726900306 0.001651724100
19.641090008088 0.001650123899
19.648453115870 0.001648525642
19.655816223652 0.001646929333
19.663179331434 0.001645334958
19.670542439215 0.001643742528
19.677905546997 0.001642152041
19.685268654779 0.001640563495
19.692631762561 0.001638976892
19.699994870343 0.001637392233
19.707357978125 0.001635809515
19.714721085907 0.001634228740
19.722084193688 0.001632649901
19.729447301470 0.001631073008
19.736810409252 0.001629498046
19.744173517034 0.001627925021
19.751536624816 0.001626353928
19.758899732598 0.001624784759
19.766262840380 0.001623217510
19.773625948161 0.001621652182
19.780989055943 0.001620088758
19.788352163725 0.001618527230
19.795715271507 0.001616967601
19.803078379289 0.001615409849
19.810441487071 0.001613853965
19.817804594853 0.001612299938
19.825167702634 0.001610747753
19.832530810416 0.001609197400
19.839893918198 0.001607648854
19.847257025980 0.001606102110
19.854620133762 0.001604557141
19.861983241544 0.001603013935
19.869346349325 0.001601472465
19.876709457107 0.001599932720
19.884072564889 0.001598394672
19.891435672671 0.001596858309
19.898798780453 0.001595323596
19.906161888235 0.001593790521
19.913524996017 0.001592259062
19.920888103798 0.001590729192
19.928251211580 0.001589200893
19.935614319362 0.001587674141
19.942977427144 0.001586148916
19.950340534926 0.001584625196
19.957703642708 0.001583102964
19.965066750490 0.001581582197
19.972429858271 0.001580062880
19.979792966053 0.001578544996
19.987156073835 0.001577028527
19.994519181617 0.001575513463
