0.003681553891 0.000411242105
0.011044661673 0.000412621355
0.018407769455 0.000412624971
0.025770877236 0.000412630286
0.033133985018 0.000412640529
0.040497092800 0.000412655745
0.047860200582 0.000412675939
0.055223308364 0.000412701098
0.062586416146 0.000412731220
0.069949523928 0.000412766325
0.077312631709 0.000412806406
0.084675739491 0.000412851472
0.092038847273 0.000412901510
0.099401955055 0.000412956527
0.106765062837 0.000413016537
0.114128170619 0.000413081548
0.121491278401 0.000413151547
0.128854386182 0.000413226545
0.136217493964 0.000413306583
0.143580601746 0.000413391595
0.150943709528 0.000413481632
0.158306817310 0.000413576708
0.165669925092 0.000413676820
0.173033032874 0.000413781966
0.180396140655 0.000413892142
0.187759248437 0.000414007415
0.195122356219 0.000414127708
0.202485464001 0.000414253098
0.209848571783 0.000414383562
0.217211679565 0.000414519119
0.224574787346 0.000414659774
0.231937895128 0.000414805542
0.239301002910 0.000414956443
0.246664110692 0.000415112445
0.254027218474 0.000415273591
0.261390326256 0.000415439933
0.268753434038 0.000415611397
0.276116541819 0.000415788073
0.283479649601 0.000415969911
0.290842757383 0.000416156956
0.298205865165 0.000416349240
0.305568972947 0.000416546727
0.312932080729 0.000416749468
0.320295188511 0.000416957471
0.327658296292 0.000417170735
0.335021404074 0.000417389275
0.342384511856 0.000417613140
0.349747619638 0.000417842314
0.357110727420 0.000418076808
0.364473835202 0.000418316661
0.371836942983 0.000418561870
0.379200050765 0.000418812448
0.386563158547 0.000419068454
0.393926266329 0.000419329847
0.401289374111 0.000419596679
0.408652481893 0.000419868970
0.416015589675 0.000420146686
0.423378697456 0.000420429920
0.430741805238 0.000420718671
0.438104913020 0.000421012913
0.445468020802 0.000421312691
0.452831128584 0.000421618043
0.460194236366 0.000421928961
0.467557344148 0.000422245465
0.474920451929 0.000422567620
0.482283559711 0.000422895398
0.489646667493 0.000423228815
0.497009775275 0.000423567919
0.504372883057 0.000423912717
0.511735990839 0.000424263248
0.519099098621 0.000424619489
0.526462206402 0.000424981519
0.533825314184 0.000425349314
0.541188421966 0.000425722926
0.548551529748 0.000426102350
0.555914637530 0.000426487628
0.563277745312 0.000426878762
0.570640853093 0.000427275804
0.578003960875 0.000427678752
0.585367068657 0.000428087652
0.592730176439 0.000428502478
0.600093284221 0.000428923315
0.607456392003 0.000429350141
0.614819499785 0.000429783006
0.622182607566 0.000430221934
0.629545715348 0.000430666915
0.636908823130 0.000431117990
0.644271930912 0.000431575220
0.651635038694 0.000432038583
0.658998146476 0.000432508108
0.666361254258 0.000432983858
0.673724362039 0.000433465790
0.681087469821 0.000433953976
0.688450577603 0.000434448464
0.695813685385 0.000434949208
0.703176793167 0.000435456287
0.710539900949 0.000435969727
0.717903008730 0.000436489496
0.725266116512 0.000437015698
0.732629224294 0.000437548285
0.739992332076 0.000438087350
0.747355439858 0.000438632865
0.754718547640 0.000439184888
0.762081655422 0.000439743423
0.769444763203 0.000440308509
0.776807870985 0.000440880160
0.784170978767 0.000441458433
0.791534086549 0.000442043305
0.798897194331 0.000442634840
0.806260302113 0.000443233033
0.813623409895 0.000443837964
0.820986517676 0.000444449584
0.828349625458 0.000445067980
0.835712733240 0.000445693159
0.843075841022 0.000446325139
0.850438948804 0.000446963943
0.857802056586 0.000447609625
0.865165164368 0.000448262170
0.872528272149 0.000448921643
0.879891379931 0.000449588057
0.887254487713 0.000450261427
0.894617595495 0.000450941776
0.901980703277 0.000451629166
0.909343811059 0.000452323576
0.916706918840 0.000453025083
0.924070026622 0.000453733674
0.931433134404 0.000454449381
0.938796242186 0.000455172237
0.946159349968 0.000455902287
0.953522457750 0.000456639523
0.960885565532 0.000457383980
0.968248673313 0.000458135708
0.975611781095 0.000458894716
0.982974888877 0.000459661014
0.990337996659 0.000460434682
0.997701104441 0.000461215682
1.005064212223 0.000462004077
1.012427320005 0.000462799881
1.019790427786 0.000463603135
1.027153535568 0.000464413846
1.034516643350 0.000465232059
1.041879751132 0.000466057767
1.049242858914 0.000466891064
1.056605966696 0.000467731887
1.063969074477 0.000468580325
1.071332182259 0.000469436384
1.078695290041 0.000470300102
1.086058397823 0.000471171489
1.093421505605 0.000472050581
1.100784613387 0.000472937396
1.108147721169 0.000473831972
1.115510828950 0.000474734308
1.122873936732 0.000475644473
1.130237044514 0.000476562453
1.137600152296 0.000477488308
1.144963260078 0.000478422028
1.152326367860 0.000479363679
1.159689475642 0.000480313240
1.167052583423 0.000481270780
1.174415691205 0.000482236279
1.181778798987 0.000483209830
1.189141906769 0.000484191398
1.196505014551 0.000485181017
1.203868122333 0.000486178733
1.211231230115 0.000487184573
1.218594337896 0.000488198537
1.225957445678 0.000489220678
1.233320553460 0.000490250997
1.240683661242 0.000491289523
1.248046769024 0.000492336316
1.255409876806 0.000493391346
1.262772984587 0.000494454684
1.270136092369 0.000495526352
1.277499200151 0.000496606327
1.284862307933 0.000497694688
1.292225415715 0.000498791408
1.299588523497 0.000499896595
1.306951631279 0.000501010185
1.314314739060 0.000502132256
1.321677846842 0.000503262800
1.329040954624 0.000504401866
1.336404062406 0.000505549469
1.343767170188 0.000506705641
1.351130277970 0.000507870415
1.358493385752 0.000509043782
1.365856493533 0.000510225779
1.373219601315 0.000511416461
1.380582709097 0.000512615818
1.387945816879 0.000513823879
1.395308924661 0.000515040694
1.402672032443 0.000516266250
1.410035140224 0.000517500602
1.417398248006 0.000518743772
1.424761355788 0.000519995738
1.432124463570 0.000521256603
1.439487571352 0.000522526329
1.446850679134 0.000523804954
1.454213786916 0.000525092532
1.461576894697 0.000526389049
1.468940002479 0.000527694539
1.476303110261 0.000529009048
1.483666218043 0.000530332578
1.491029325825 0.000531665155
1.498392433607 0.000533006820
1.505755541389 0.000534357570
1.513118649170 0.000535717463
1.520481756952 0.000537086477
1.527844864734 0.000538464690
1.535207972516 0.000539852088
1.542571080298 0.000541248710
1.549934188080 0.000542654579
1.557297295861 0.000544069706
1.564660403643 0.000545494140
1.572023511425 0.000546927891
1.579386619207 0.000548370998
1.586749726989 0.000549823441
1.594112834771 0.000551285294
1.601475942553 0.000552756585
1.608839050334 0.000554237274
1.616202158116 0.000555727437
1.623565265898 0.000557227125
1.630928373680 0.000558736299
1.638291481462 0.000560255016
1.645654589244 0.000561783285
1.653017697026 0.000563321181
1.660380804807 0.000564868646
1.667743912589 0.000566425773
1.675107020371 0.000567992561
1.682470128153 0.000569569031
1.689833235935 0.000571155206
1.697196343717 0.000572751155
1.704559451499 0.000574356825
1.711922559280 0.000575972298
1.719285667062 0.000577597604
1.726648774844 0.000579232724
1.734011882626 0.000580877723
1.741374990408 0.000582532598
1.748738098190 0.000584197396
1.756101205971 0.000585872147
1.763464313753 0.000587556845
1.770827421535 0.000589251548
1.778190529317 0.000590956271
1.785553637099 0.000592671037
1.792916744881 0.000594395870
1.800279852663 0.000596130809
1.807642960444 0.000597875871
1.815006068226 0.000599631067
1.822369176008 0.000601396479
1.829732283790 0.000603172056
1.837095391572 0.000604957872
1.844458499354 0.000606753943
1.851821607136 0.000608560323
1.859184714917 0.000610376995
1.866547822699 0.000612204005
1.873910930481 0.000614041400
1.881274038263 0.000615889158
1.888637146045 0.000617747365
1.896000253827 0.000619616020
1.903363361608 0.000621495142
1.910726469390 0.000623384771
1.918089577172 0.000625284942
1.925452684954 0.000627195667
1.932815792736 0.000629116989
1.940178900518 0.000631048938
1.947542008300 0.000632991539
1.954905116081 0.000634944794
1.962268223863 0.000636908776
1.969631331645 0.000638883481
1.976994439427 0.000640868977
1.984357547209 0.000642865256
1.991720654991 0.000644872353
1.999083762773 0.000646890319
2.006446870554 0.000648919170
2.013809978336 0.000650958927
2.021173086118 0.000653009650
2.028536193900 0.000655071332
2.035899301682 0.000657144049
2.043262409464 0.000659227787
2.050625517246 0.000661322603
2.057988625027 0.000663428535
2.065351732809 0.000665545565
2.072714840591 0.000667673816
2.080077948373 0.000669813228
2.087441056155 0.000671963896
2.094804163937 0.000674125826
2.102167271718 0.000676299052
2.109530379500 0.000678483596
2.116893487282 0.000680679532
2.124256595064 0.000682886852
2.131619702846 0.000685105604
2.138982810628 0.000687335823
2.146345918410 0.000689577563
2.153709026191 0.000691830804
2.161072133973 0.000694095664
2.168435241755 0.000696372084
2.175798349537 0.000698660155
2.183161457319 0.000700959943
2.190524565101 0.000703271400
2.197887672883 0.000705594624
2.205250780664 0.000707929640
2.212613888446 0.000710276476
2.219976996228 0.000712635152
2.227340104010 0.000715005758
2.234703211792 0.000717388304
2.242066319574 0.000719782780
2.249429427356 0.000722189314
2.256792535137 0.000724607876
2.264155642919 0.000727038552
2.271518750701 0.000729481330
2.278881858483 0.000731936296
2.286244966265 0.000734403468
2.293608074047 0.000736882884
2.300971181828 0.000739374604
2.308334289610 0.000741878652
2.315697397392 0.000744395066
2.323060505174 0.000746923923
2.330423612956 0.000749465218
2.337786720738 0.000752019022
2.345149828520 0.000754585362
2.352512936301 0.000757164319
2.359876044083 0.000759755892
2.367239151865 0.000762360142
2.374602259647 0.000764977124
2.381965367429 0.000767606888
2.389328475211 0.000770249448
2.396691582993 0.000772904885
2.404054690774 0.000775573225
2.411417798556 0.000778254514
2.418780906338 0.000780948833
2.426144014120 0.000783656214
2.433507121902 0.000786376677
2.440870229684 0.000789110303
2.448233337465 0.000791857138
2.455596445247 0.000794617244
2.462959553029 0.000797390637
2.470322660811 0.000800177402
2.477685768593 0.000802977587
2.485048876375 0.000805791237
2.492411984157 0.000808618429
2.499775091938 0.000811459176
2.507138199720 0.000814313565
2.514501307502 0.000817181664
2.521864415284 0.000820063519
2.529227523066 0.000822959138
2.536590630848 0.000825868667
2.543953738630 0.000828792112
2.551316846411 0.000831729548
2.558679954193 0.000834681043
2.566043061975 0.000837646650
2.573406169757 0.000840626410
2.580769277539 0.000843620446
2.588132385321 0.000846628773
2.595495493103 0.000849651472
2.602858600884 0.000852688622
2.610221708666 0.000855740279
2.617584816448 0.000858806514
2.624947924230 0.000861887410
2.632311032012 0.000864983004
2.639674139794 0.000868093421
2.647037247575 0.000871218683
2.654400355357 0.000874358901
2.661763463139 0.000877514138
2.669126570921 0.000880684478
2.676489678703 0.000883869978
2.683852786485 0.000887070762
2.691215894267 0.000890286861
2.698579002048 0.000893518395
2.705942109830 0.000896765433
2.713305217612 0.000900028058
2.720668325394 0.000903306357
2.728031433176 0.000906600424
2.735394540958 0.000909910366
2.742757648740 0.000913236239
2.750120756521 0.000916578160
2.757483864303 0.000919936210
2.764846972085 0.000923310515
2.772210079867 0.000926701133
2.779573187649 0.000930108175
2.786936295431 0.000933531787
2.794299403212 0.000936971994
2.801662510994 0.000940428971
2.809025618776 0.000943902779
2.816388726558 0.000947393560
2.823751834340 0.000950901404
2.831114942122 0.000954426431
2.838478049904 0.000957968756
2.845841157685 0.000961528524
2.853204265467 0.000965105786
2.860567373249 0.000968700735
2.867930481031 0.000972313444
2.875293588813 0.000975944067
2.882656696595 0.000979592753
2.890019804377 0.000983259554
2.897382912158 0.000986944724
2.904746019940 0.000990648267
2.912109127722 0.000994370434
2.919472235504 0.000998111287
2.926835343286 0.001001871005
2.934198451068 0.001005649746
2.941561558850 0.001009447637
2.948924666631 0.001013264829
2.956287774413 0.001017101496
2.963650882195 0.001020957765
2.971013989977 0.001024833850
2.978377097759 0.001028729848
2.985740205541 0.001032645995
2.993103313322 0.001036582393
3.000466421104 0.001040539273
3.007829528886 0.001044516790
3.015192636668 0.001048515097
3.022555744450 0.001052534428
3.029918852232 0.001056574934
3.037281960014 0.001060636837
3.044645067795 0.001064720300
3.052008175577 0.001068825516
3.059371283359 0.001072952753
3.066734391141 0.001077102129
3.074097498923 0.001081273915
3.081460606705 0.001085468299
3.088823714487 0.001089685515
3.096186822268 0.001093925753
3.103549930050 0.001098189284
3.110913037832 0.001102476326
3.118276145614 0.001106787080
3.125639253396 0.001111121856
3.133002361178 0.001115480811
3.140365468960 0.001119864272
3.147728576741 0.001124272460
3.155091684523 0.001128705621
3.162454792305 0.001133164043
3.169817900087 0.001137647980
3.177181007869 0.001142157737
3.184544115651 0.001146693544
3.191907223432 0.001151255733
3.199270331214 0.001155844556
3.206633438996 0.001160460342
3.213996546778 0.001165103384
3.221359654560 0.001169773959
3.228722762342 0.001174472435
3.236085870124 0.001179199085
3.243448977905 0.001183954254
3.250812085687 0.001188738283
3.258175193469 0.001193551499
3.265538301251 0.001198394223
3.272901409033 0.001203266850
3.280264516815 0.001208169705
3.287627624597 0.001213103169
3.294990732378 0.001218067610
3.302353840160 0.001223063388
3.309716947942 0.001228090925
3.317080055724 0.001233150565
3.324443163506 0.001238242738
3.331806271288 0.001243367868
3.339169379069 0.001248526311
3.346532486851 0.001253718551
3.353895594633 0.001258944964
3.361258702415 0.001264206044
3.368621810197 0.001269502164
3.375984917979 0.001274833834
3.383348025761 0.001280201516
3.390711133542 0.001285605618
3.398074241324 0.001291046671
3.405437349106 0.001296525178
3.412800456888 0.001302041554
3.420163564670 0.001307596376
3.427526672452 0.001313190113
3.434889780234 0.001318823320
3.442252888015 0.001324496514
3.449615995797 0.001330210174
3.456979103579 0.001335964943
3.464342211361 0.001341761326
3.471705319143 0.001347599865
3.479068426925 0.001353481178
3.486431534707 0.001359405832
3.493794642488 0.001365374416
3.501157750270 0.001371387528
3.508520858052 0.001377445775
3.515883965834 0.001383549802
3.523247073616 0.001389700224
3.530610181398 0.001395897681
3.537973289179 0.001402142805
3.545336396961 0.001408436279
3.552699504743 0.001414778751
3.560062612525 0.001421170925
3.567425720307 0.001427613444
3.574788828089 0.001434107060
3.582151935871 0.001440652383
3.589515043652 0.001447250256
3.596878151434 0.001453901312
3.604241259216 0.001460606257
3.611604366998 0.001467365927
3.618967474780 0.001474180992
3.626330582562 0.001481052247
3.633693690344 0.001487980394
3.641056798125 0.001494966284
3.648419905907 0.001502010651
3.655783013689 0.001509114288
3.663146121471 0.001516277979
3.670509229253 0.001523502514
3.677872337035 0.001530788700
3.685235444816 0.001538137358
3.692598552598 0.001545549260
3.699961660380 0.001553025268
3.707324768162 0.001560566166
3.714687875944 0.001568172785
3.722050983726 0.001575845914
3.729414091508 0.001583586446
3.736777199289 0.001591395120
3.744140307071 0.001599272793
3.751503414853 0.001607220277
3.758866522635 0.001615238412
3.766229630417 0.001623327943
3.773592738199 0.001631489752
3.780955845981 0.001639724579
3.788318953762 0.001648033246
3.795682061544 0.001656416518
3.803045169326 0.001664875170
3.810408277108 0.001673409988
3.817771384890 0.001682021707
3.825134492672 0.001690711045
3.832497600454 0.001699478741
3.839860708235 0.001708325521
3.847223816017 0.001717252049
3.854586923799 0.001726259009
3.861950031581 0.001735347058
3.869313139363 0.001744516821
3.876676247145 0.001753768917
3.884039354926 0.001763103965
3.891402462708 0.001772522464
3.898765570490 0.001782025058
3.906128678272 0.001791612199
3.913491786054 0.001801284408
3.920854893836 0.001811042149
3.928218001618 0.001820885899
3.935581109399 0.001830816046
3.942944217181 0.001840833042
3.950307324963 0.001850937218
3.957670432745 0.001861128929
3.965033540527 0.001871408519
3.972396648309 0.001881776302
3.979759756091 0.001892232539
3.987122863872 0.001902777516
3.994485971654 0.001913411447
4.001849079436 0.001924134600
4.009212187218 0.001934947167
4.016575295000 0.001945849311
4.023938402782 0.001956841307
4.031301510563 0.001967923260
4.038664618345 0.001979095354
4.046027726127 0.001990357793
4.053390833909 0.002001710717
4.060753941691 0.002013154347
4.068117049473 0.002024688811
4.075480157255 0.002036314364
4.082843265036 0.002048031241
4.090206372818 0.002059839619
4.097569480600 0.002071739863
4.104932588382 0.002083732252
4.112295696164 0.002095817159
4.119658803946 0.002107995039
4.127021911728 0.002120266333
4.134385019509 0.002132631626
4.141748127291 0.002145091584
4.149111235073 0.002157646896
4.156474342855 0.002170298442
4.163837450637 0.002183047129
4.171200558419 0.002195894107
4.178563666201 0.002208840487
4.185926773982 0.002221887706
4.193289881764 0.002235037229
4.200652989546 0.002248290732
4.208016097328 0.002261650076
4.215379205110 0.002275117248
4.222742312892 0.002288694526
4.230105420673 0.002302384231
4.237468528455 0.002316189008
4.244831636237 0.002330111629
4.252194744019 0.002344155127
4.259557851801 0.002358322633
4.266920959583 0.002372617611
4.274284067365 0.002387043636
4.281647175146 0.002401604506
4.289010282928 0.002416304251
4.296373390710 0.002431147019
4.303736498492 0.002446137251
4.311099606274 0.002461279543
4.318462714056 0.002476578663
4.325825821838 0.002492039592
4.333188929619 0.002507667470
4.340552037401 0.002523467667
4.347915145183 0.002539445641
4.355278252965 0.002555607055
4.362641360747 0.002571957670
4.370004468529 0.002588503306
4.377367576310 0.002605249892
4.384730684092 0.002622203291
4.392093791874 0.002639369290
4.399456899656 0.002656753602
4.406820007438 0.002674361553
4.414183115220 0.002692198270
4.421546223002 0.002710268285
4.428909330783 0.002728575599
4.436272438565 0.002747123440
4.443635546347 0.002765914194
4.450998654129 0.002784949199
4.458361761911 0.002804228658
4.465724869693 0.002823751463
4.473087977475 0.002843515098
4.480451085256 0.002863515580
4.487814193038 0.002883747282
4.495177300820 0.002904202941
4.502540408602 0.002924873664
4.509903516384 0.002945748813
4.517266624166 0.002966816152
4.524629731948 0.002988061824
4.531992839729 0.003009470565
4.539355947511 0.003031025595
4.546719055293 0.003052709049
4.554082163075 0.003074501962
4.561445270857 0.003096384534
4.568808378639 0.003118336329
4.576171486420 0.003140336535
4.583534594202 0.003162364234
4.590897701984 0.003184398600
4.598260809766 0.003206419288
4.605623917548 0.003228406604
4.612987025330 0.003250341902
4.620350133112 0.003272207861
4.627713240893 0.003293988746
4.635076348675 0.003315670745
4.642439456457 0.003337242237
4.649802564239 0.003358694012
4.657165672021 0.003380019566
4.664528779803 0.003401215077
4.671891887585 0.003422279673
4.679254995366 0.003443215262
4.686618103148 0.003464026391
4.693981210930 0.003484720156
4.701344318712 0.003505305611
4.708707426494 0.003525793514
4.716070534276 0.003546195558
4.723433642057 0.003566523970
4.730796749839 0.003586790647
4.738159857621 0.003607006588
4.745522965403 0.003627181244
4.752886073185 0.003647321942
4.760249180967 0.003667433437
4.767612288749 0.003687517367
4.774975396530 0.003707572298
4.782338504312 0.003727593304
4.789701612094 0.003747572137
4.797064719876 0.003767497282
4.804427827658 0.003787354242
4.811790935440 0.003807125738
4.819154043222 0.003826792426
4.826517151003 0.003846333037
4.833880258785 0.003865725135
4.841243366567 0.003884945423
4.848606474349 0.003903970236
4.855969582131 0.003922775969
4.863332689913 0.003941339242
4.870695797694 0.003959637409
4.878058905476 0.003977648792
4.885422013258 0.003995353041
4.892785121040 0.004012731755
4.900148228822 0.004029768891
4.907511336604 0.004046451207
4.914874444386 0.004062768718
4.922237552167 0.004078714944
4.929600659949 0.004094286725
4.936963767731 0.004109484161
4.944326875513 0.004124309813
4.951689983295 0.004138768152
4.959053091077 0.004152864633
4.966416198859 0.004166604899
4.973779306640 0.004179994080
4.981142414422 0.004193036385
4.988505522204 0.004205734930
4.995868629986 0.004218091758
5.003231737768 0.004230108085
5.010594845550 0.004241784684
5.017957953332 0.004253122154
5.025321061113 0.004264121076
5.032684168895 0.004274782476
5.040047276677 0.004285107715
5.047410384459 0.004295098873
5.054773492241 0.004304758938
5.062136600023 0.004314092333
5.069499707804 0.004323105340
5.076862815586 0.004331806583
5.084225923368 0.004340207128
5.091589031150 0.004348320788
5.098952138932 0.004356163532
5.106315246714 0.004363753368
5.113678354496 0.004371109781
5.121041462277 0.004378253474
5.128404570059 0.004385206299
5.135767677841 0.004391991212
5.143130785623 0.004398632371
5.150493893405 0.004405155099
5.157857001187 0.004411585446
5.165220108969 0.004417949716
5.172583216750 0.004424273469
5.179946324532 0.004430580675
5.187309432314 0.004436892660
5.194672540096 0.004443227394
5.202035647878 0.004449599057
5.209398755660 0.004456017575
5.216761863441 0.004462488910
5.224124971223 0.004469014995
5.231488079005 0.004475594383
5.238851186787 0.004482222549
5.246214294569 0.004488892839
5.253577402351 0.004495596976
5.260940510133 0.004502325851
5.268303617914 0.004509070078
5.275666725696 0.004515820289
5.283029833478 0.004522567193
5.290392941260 0.004529301401
5.297756049042 0.004536013484
5.305119156824 0.004542693655
5.312482264606 0.004549332095
5.319845372387 0.004555918994
5.327208480169 0.004562444479
5.334571587951 0.004568898409
5.341934695733 0.004575269770
5.349297803515 0.004581546329
5.356660911297 0.004587714148
5.364024019078 0.004593758286
5.371387126860 0.004599663660
5.378750234642 0.004605416984
5.386113342424 0.004611008405
5.393476450206 0.004616433324
5.400839557988 0.004621693530
5.408202665770 0.004626797731
5.415565773551 0.004631761635
5.422928881333 0.004636607175
5.430291989115 0.004641361548
5.437655096897 0.004646055265
5.445018204679 0.004650720072
5.452381312461 0.004655386249
5.459744420243 0.004660080488
5.467107528024 0.004664823938
5.474470635806 0.004669631571
5.481833743588 0.004674512304
5.489196851370 0.004679470032
5.496559959152 0.004684504587
5.503923066934 0.004689612499
5.511286174716 0.004694787251
5.518649282497 0.004700019284
5.526012390279 0.004705296546
5.533375498061 0.004710605988
5.540738605843 0.004715936438
5.548101713625 0.004721282047
5.555464821407 0.004726645931
5.562827929188 0.004732042197
5.570191036970 0.004737496011
5.577554144752 0.004743041119
5.584917252534 0.004748715267
5.592280360316 0.004754555280
5.599643468098 0.004760592592
5.607006575880 0.004766850836
5.614369683661 0.004773345571
5.621732791443 0.004780086053
5.629095899225 0.004787077740
5.636459007007 0.004794324332
5.643822114789 0.004801828870
5.651185222571 0.004809593834
5.658548330353 0.004817620391
5.665911438134 0.004825907557
5.673274545916 0.004834451378
5.680637653698 0.004843243689
5.688000761480 0.004852270466
5.695363869262 0.004861510385
5.702726977044 0.004870935006
5.710090084825 0.004880511581
5.717453192607 0.004890209077
5.724816300389 0.004900005443
5.732179408171 0.004909893198
5.739542515953 0.004919879718
5.746905623735 0.004929982388
5.754268731517 0.004940219926
5.761631839298 0.004950605541
5.768994947080 0.004961144954
5.776358054862 0.004971841650
5.783721162644 0.004982704993
5.791084270426 0.004993756755
5.798447378208 0.005005031190
5.805810485990 0.005016568261
5.813173593771 0.005028404745
5.820536701553 0.005040568792
5.827899809335 0.005053082222
5.835262917117 0.005065968668
5.842626024899 0.005079262054
5.849989132681 0.005093007995
5.857352240462 0.005107256340
5.864715348244 0.005122048782
5.872078456026 0.005137409780
5.879441563808 0.005153347998
5.886804671590 0.005169867729
5.894167779372 0.005186983496
5.901530887154 0.005204726760
5.908893994935 0.005223140217
5.916257102717 0.005242262744
5.923620210499 0.005262118475
5.930983318281 0.005282720583
5.938346426063 0.005304092846
5.945709533845 0.005326296376
5.953072641627 0.005349442807
5.960435749408 0.005373679433
5.967798857190 0.005399149142
5.975161964972 0.005425946836
5.982525072754 0.005454099531
5.989888180536 0.005483586188
5.997251288318 0.005514385818
6.004614396100 0.005546520646
6.011977503881 0.005580058984
6.019340611663 0.005615067178
6.026703719445 0.005651537551
6.034066827227 0.005689342193
6.041429935009 0.005728254603
6.048793042791 0.005768039813
6.056156150572 0.005808568044
6.063519258354 0.005849884186
6.070882366136 0.005892186003
6.078245473918 0.005935716449
6.085608581700 0.005980629147
6.092971689482 0.006026906722
6.100334797264 0.006074383051
6.107697905045 0.006122857627
6.115061012827 0.006172230549
6.122424120609 0.006222568667
6.129787228391 0.006274051039
6.137150336173 0.006326815451
6.144513443955 0.006380791133
6.151876551737 0.006435618175
6.159239659518 0.006490709255
6.166602767300 0.006545431702
6.173965875082 0.006599322490
6.181328982864 0.006652229717
6.188692090646 0.006704314053
6.196055198428 0.006755914206
6.203418306209 0.006807349610
6.210781413991 0.006858758182
6.218144521773 0.006910044471
6.225507629555 0.006960952821
6.232870737337 0.007011217050
6.240233845119 0.007060705578
6.247596952901 0.007109491189
6.254960060682 0.007157818396
6.262323168464 0.007205994493
6.269686276246 0.007254261877
6.277049384028 0.007302710352
6.284412491810 0.007351260206
6.291775599592 0.007399711082
6.299138707374 0.007447824207
6.306501815155 0.007495399921
6.313864922937 0.007542325094
6.321228030719 0.007588585537
6.328591138501 0.007634254078
6.335954246283 0.007679468256
6.343317354065 0.007724403712
6.350680461846 0.007769240818
6.358043569628 0.007814119804
6.365406677410 0.007859086609
6.372769785192 0.007904046381
6.380132892974 0.007948747966
6.387496000756 0.007992819879
6.394859108538 0.008035858555
6.402222216319 0.008077544068
6.409585324101 0.008117739934
6.416948431883 0.008156531360
6.424311539665 0.008194177951
6.431674647447 0.008230991270
6.439037755229 0.008267182950
6.446400863011 0.008302744918
6.453763970792 0.008337413704
6.461127078574 0.008370736403
6.468490186356 0.008402212941
6.475853294138 0.008431456015
6.483216401920 0.008458302830
6.490579509702 0.008482835193
6.497942617484 0.008505304392
6.505305725265 0.008525999850
6.512668833047 0.008545122268
6.520031940829 0.008562718290
6.527395048611 0.008578701125
6.534758156393 0.008592943398
6.542121264175 0.008605395058
6.549484371956 0.008616172120
6.556847479738 0.008625577768
6.564210587520 0.008634050110
6.571573695302 0.008642062366
6.578936803084 0.008650020109
6.586299910866 0.008658197844
6.593663018648 0.008666738671
6.601026126429 0.008675712285
6.608389234211 0.008685202417
6.615752341993 0.008695382197
6.623115449775 0.008706541042
6.630478557557 0.008719046955
6.637841665339 0.008733255112
6.645204773121 0.008749397459
6.652567880902 0.008767497745
6.659930988684 0.008787349623
6.667294096466 0.008808573223
6.674657204248 0.008830732386
6.682020312030 0.008853467484
6.689383419812 0.008876584408
6.696746527593 0.008900054405
6.704109635375 0.008923918295
6.711472743157 0.008948138152
6.718835850939 0.008972473819
6.726198958721 0.008996456877
6.733562066503 0.009019490437
6.740925174285 0.009041038746
6.748288282066 0.009060823080
6.755651389848 0.009078933867
6.763014497630 0.009095807176
6.770377605412 0.009112074921
6.777740713194 0.009128353575
6.785103820976 0.009145058499
6.792466928758 0.009162316641
6.799830036539 0.009180002762
6.807193144321 0.009197871669
6.814556252103 0.009215720923
6.821919359885 0.009233513159
6.829282467667 0.009251413793
6.836645575449 0.009269741517
6.844008683230 0.009288865674
6.851371791012 0.009309098805
6.858734898794 0.009330621651
6.866098006576 0.009353454755
6.873461114358 0.009377466846
6.880824222140 0.009402402200
6.888187329922 0.009427913428
6.895550437703 0.009453596391
6.902913545485 0.009479032014
6.910276653267 0.009503836803
6.917639761049 0.009527714330
6.925002868831 0.009550491426
6.932365976613 0.009572122303
6.939729084395 0.009592654889
6.947092192176 0.009612170530
6.954455299958 0.009630722715
6.961818407740 0.009648303021
6.969181515522 0.009664850623
6.976544623304 0.009680301241
6.983907731086 0.009694650653
6.991270838868 0.009707999386
6.998633946649 0.009720552109
7.005997054431 0.009746434487
7.013360162213 0.009802110424
7.020723269995 0.009857114033
7.028086377777 0.009911482474
7.035449485559 0.009965043024
7.042812593340 0.010017526251
7.050175701122 0.010069461448
7.057538808904 0.010120615860
7.064901916686 0.010170426553
7.072265024468 0.010218708280
7.079628132250 0.010265547719
7.086991240032 0.010311318914
7.094354347813 0.010356658290
7.101717455595 0.010401520637
7.109080563377 0.010447729458
7.116443671159 0.010495111492
7.123806778941 0.010541949044
7.131169886723 0.010587530494
7.138532994505 0.010632547428
7.145896102286 0.010677653785
7.153259210068 0.010722753761
7.160622317850 0.010767165748
7.167985425632 0.010811068816
7.175348533414 0.010854098189
7.182711641196 0.010897661125
7.190074748977 0.010941513019
7.197437856759 0.010984838083
7.204800964541 0.011025543239
7.212164072323 0.011065536257
7.219527180105 0.011103934289
7.226890287887 0.011140806074
7.234253395669 0.011176469299
7.241616503450 0.011212674923
7.248979611232 0.011249328976
7.256342719014 0.011284566473
7.263705826796 0.011320985198
7.271068934578 0.011358508568
7.278432042360 0.011396098139
7.285795150142 0.011431243897
7.293158257923 0.011464263742
7.300521365705 0.011499003654
7.307884473487 0.011538378098
7.315247581269 0.011577589227
7.322610689051 0.011614944966
7.329973796833 0.011650890564
7.337336904615 0.011684646036
7.344700012396 0.011716655188
7.352063120178 0.011747832868
7.359426227960 0.011781039321
7.366789335742 0.011814851076
7.374152443524 0.011851315588
7.381515551306 0.011884227442
7.388878659087 0.011915617447
7.396241766869 0.011945970664
7.403604874651 0.011971759747
7.410967982433 0.011996357842
7.418331090215 0.012022629335
7.425694197997 0.012048348245
7.433057305779 0.012077524575
7.440420413560 0.012109226890
7.447783521342 0.012142001975
7.455146629124 0.012171112173
7.462509736906 0.012193507933
7.469872844688 0.012214985883
7.477235952470 0.012241354270
7.484599060252 0.012264647256
7.491962168033 0.012286860261
7.499325275815 0.012311397985
7.506688383597 0.012340675379
7.514051491379 0.012376354870
7.521414599161 0.012415581192
7.528777706943 0.012448276984
7.536140814724 0.012485415188
7.543503922506 0.012531636723
7.550867030288 0.012566688712
7.558230138070 0.012593839320
7.565593245852 0.012619620812
7.572956353634 0.012644694872
7.580319461416 0.012676761739
7.587682569197 0.012722230698
7.595045676979 0.012769754259
7.602408784761 0.012800910753
7.609771892543 0.012830195958
7.617135000325 0.012872631574
7.624498108107 0.012911584992
7.631861215889 0.012960431391
7.639224323670 0.013009315124
7.646587431452 0.013058280437
7.653950539234 0.013105186969
7.661313647016 0.013148981529
7.668676754798 0.013188697300
7.676039862580 0.013224439164
7.683402970361 0.013250779996
7.690766078143 0.013276766779
7.698129185925 0.013302183210
7.705492293707 0.013340561569
7.712855401489 0.013387519922
7.720218509271 0.013438210791
7.727581617053 0.013490533432
7.734944724834 0.013539171589
7.742307832616 0.013575032736
7.749670940398 0.013601863909
7.757034048180 0.013639281909
7.764397155962 0.013680844912
7.771760263744 0.013719135354
7.779123371526 0.013766666693
7.786486479307 0.013822336130
7.793849587089 0.013875074174
7.801212694871 0.013923631874
7.808575802653 0.013969862900
7.815938910435 0.014016347112
7.823302018217 0.014068061462
7.830665125999 0.014122271568
7.838028233780 0.014186294567
7.845391341562 0.014251514866
7.852754449344 0.014314052021
7.860117557126 0.014372098575
7.867480664908 0.014427743200
7.874843772690 0.014489520514
7.882206880471 0.014558790520
7.889569988253 0.014621616471
7.896933096035 0.014680967391
7.904296203817 0.014746605153
7.911659311599 0.014811684947
7.919022419381 0.014866970673
7.926385527163 0.014911772886
7.933748634944 0.014954527070
7.941111742726 0.015002551463
7.948474850508 0.015053703614
7.955837958290 0.015093861429
7.963201066072 0.015138077720
7.970564173854 0.015204826646
7.977927281636 0.015273421289
7.985290389417 0.015335658328
7.992653497199 0.015395518457
8.000016604981 0.015442685663
8.007379712763 0.015476909985
8.014742820545 0.015505162297
8.022105928327 0.015528335406
8.029469036108 0.015548151001
8.036832143890 0.015577903635
8.044195251672 0.015612660653
8.051558359454 0.015651190057
8.058921467236 0.015697505130
8.066284575018 0.015743245419
8.073647682800 0.015785668908
8.081010790581 0.015825496503
8.088373898363 0.015861580055
8.095737006145 0.015892825093
8.103100113927 0.015926927099
8.110463221709 0.015963215185
8.117826329491 0.016001598283
8.125189437273 0.016039078702
8.132552545054 0.016074658793
8.139915652836 0.016107148325
8.147278760618 0.016142712397
8.154641868400 0.016184451285
8.162004976182 0.016227499926
8.169368083964 0.016266296214
8.176731191745 0.016310901654
8.184094299527 0.016350850795
8.191457407309 0.016385123563
8.198820515091 0.016410717897
8.206183622873 0.016433534291
8.213546730655 0.016464395384
8.220909838437 0.016504317826
8.228272946218 0.016545024874
8.235636054000 0.016587685352
8.242999161782 0.016635824072
8.250362269564 0.016681601652
8.257725377346 0.016725036964
8.265088485128 0.016762951195
8.272451592910 0.016789624034
8.279814700691 0.016813452325
8.287177808473 0.016847336001
8.294540916255 0.016885255986
8.301904024037 0.016915147637
8.309267131819 0.016954085731
8.316630239601 0.016966215585
8.323993347383 0.016962728174
8.331356455164 0.016961810962
8.338719562946 0.016955337791
8.346082670728 0.016945522086
8.353445778510 0.016957475482
8.360808886292 0.016969385381
8.368171994074 0.016976707312
8.375535101855 0.016976495017
8.382898209637 0.016971037589
8.390261317419 0.016964494090
8.397624425201 0.016963371673
8.404987532983 0.016971626990
8.412350640765 0.016982655205
8.419713748547 0.016985448069
8.427076856328 0.016982211778
8.434439964110 0.016969230611
8.441803071892 0.016948333224
8.449166179674 0.016940360080
8.456529287456 0.016943308677
8.463892395238 0.016972498738
8.471255503020 0.016995798857
8.478618610801 0.017013959702
8.485981718583 0.017025935243
8.493344826365 0.017025536377
8.500707934147 0.017012163216
8.508071041929 0.016994199863
8.515434149711 0.016991615064
8.522797257492 0.017004089841
8.530160365274 0.017002087151
8.537523473056 0.016992096880
8.544886580838 0.016973493736
8.552249688620 0.016943578034
8.559612796402 0.016930012181
8.566975904184 0.016935785702
8.574339011965 0.016939526045
8.581702119747 0.016949662658
8.589065227529 0.016966059229
8.596428335311 0.016969359843
8.603791443093 0.016948946786
8.611154550875 0.016924354342
8.618517658657 0.016907553267
8.625880766438 0.016894990335
8.633243874220 0.016883933857
8.640606982002 0.016869962511
8.647970089784 0.016854791655
8.655333197566 0.016838419770
8.662696305348 0.016812896681
8.670059413129 0.016792382869
8.677422520911 0.016780363710
8.684785628693 0.016766774577
8.692148736475 0.016755250284
8.699511844257 0.016742090928
8.706874952039 0.016738339811
8.714238059821 0.016729824399
8.721601167602 0.016716046502
8.728964275384 0.016699278497
8.736327383166 0.016672118544
8.743690490948 0.016636325747
8.751053598730 0.016594873912
8.758416706512 0.016560314379
8.765779814294 0.016535206024
8.773142922075 0.016518331860
8.780506029857 0.016499252056
8.787869137639 0.016473229298
8.795232245421 0.016442054239
8.802595353203 0.016400935166
8.809958460985 0.016350138969
8.817321568767 0.016289908311
8.824684676548 0.016227874018
8.832047784330 0.016179133049
8.839410892112 0.016135045217
8.846773999894 0.016087954028
8.854137107676 0.016040616223
8.861500215458 0.016001867468
8.868863323239 0.015972485366
8.876226431021 0.015940485990
8.883589538803 0.015899620101
8.890952646585 0.015856442492
8.898315754367 0.015816105228
8.905678862149 0.015777808257
8.913041969931 0.015735778125
8.920405077712 0.015689074692
8.927768185494 0.015641741024
8.935131293276 0.015594169664
8.942494401058 0.015553246212
8.949857508840 0.015504120059
8.957220616622 0.015449473171
8.964583724404 0.015399127349
8.971946832185 0.015359779813
8.979309939967 0.015318284931
8.986673047749 0.015280477040
8.994036155531 0.015248964093
9.001399263313 0.015207875407
9.008762371095 0.015159281456
9.016125478876 0.015112648767
9.023488586658 0.015062630553
9.030851694440 0.015012006397
9.038214802222 0.014962729065
9.045577910004 0.014911831500
9.052941017786 0.014864345830
9.060304125568 0.014818901307
9.067667233349 0.014770994367
9.075030341131 0.014724887827
9.082393448913 0.014685145752
9.089756556695 0.014649822221
9.097119664477 0.014620105401
9.104482772259 0.014592171923
9.111845880041 0.014565791399
9.119208987822 0.014539016156
9.126572095604 0.014511417471
9.133935203386 0.014481388614
9.141298311168 0.014448867337
9.148661418950 0.014412411272
9.156024526732 0.014379293962
9.163387634513 0.014353458099
9.170750742295 0.014330266209
9.178113850077 0.014306950750
9.185476957859 0.014286324904
9.192840065641 0.014264199664
9.200203173423 0.014238029870
9.207566281205 0.014214540847
9.214929388986 0.014193192297
9.222292496768 0.014170574416
9.229655604550 0.014147647468
9.237018712332 0.014127208428
9.244381820114 0.014106170641
9.251744927896 0.014082319612
9.259108035678 0.014058417019
9.266471143459 0.014032551453
9.273834251241 0.014003470110
9.281197359023 0.013972763507
9.288560466805 0.013942152303
9.295923574587 0.013912633069
9.303286682369 0.013888582313
9.310649790151 0.013867764192
9.318012897932 0.013845563147
9.325376005714 0.013822473127
9.332739113496 0.013798286822
9.340102221278 0.013773667350
9.347465329060 0.013748398787
9.354828436842 0.013721326020
9.362191544623 0.013691566618
9.369554652405 0.013659288372
9.376917760187 0.013627119469
9.384280867969 0.013597087947
9.391643975751 0.013566937011
9.399007083533 0.013536237043
9.406370191315 0.013507702021
9.413733299096 0.013479542270
9.421096406878 0.013449491505
9.428459514660 0.013417259833
9.435822622442 0.013383378766
9.443185730224 0.013348548090
9.450548838006 0.013313872334
9.457911945788 0.013280279179
9.465275053569 0.013247023990
9.472638161351 0.013213617492
9.480001269133 0.013180020946
9.487364376915 0.013146131871
9.494727484697 0.013111194552
9.502090592479 0.013074100468
9.509453700260 0.013035512601
9.516816808042 0.012997229446
9.524179915824 0.012960072718
9.531543023606 0.012923554121
9.538906131388 0.012886831541
9.546269239170 0.012848878416
9.553632346952 0.012809173248
9.560995454733 0.012769825086
9.568358562515 0.012730687954
9.575721670297 0.012691525068
9.583084778079 0.012652846382
9.590447885861 0.012615131324
9.597810993643 0.012578486813
9.605174101425 0.012541611643
9.612537209206 0.012503555004
9.619900316988 0.012463921246
9.627263424770 0.012423185618
9.634626532552 0.012382570680
9.641989640334 0.012342482236
9.649352748116 0.012301314369
9.656715855897 0.012260368560
9.664078963679 0.012220461658
9.671442071461 0.012181876642
9.678805179243 0.012145240234
9.686168287025 0.012110006518
9.693531394807 0.012075082872
9.700894502589 0.012039953567
9.708257610370 0.012004789278
9.715620718152 0.011967622204
9.722983825934 0.011930055500
9.730346933716 0.011893394923
9.737710041498 0.011857597731
9.745073149280 0.011822713168
9.752436257062 0.011788850468
9.759799364843 0.011755356557
9.767162472625 0.011721731485
9.774525580407 0.011687830885
9.781888688189 0.011653123478
9.789251795971 0.011617966633
9.796614903753 0.011581920632
9.803978011535 0.011547834170
9.811341119316 0.011515992725
9.818704227098 0.011485315732
9.826067334880 0.011454200969
9.833430442662 0.011421845151
9.840793550444 0.011388408777
9.848156658226 0.011354186708
9.855519766007 0.011320304335
9.862882873789 0.011287269343
9.870245981571 0.011254605095
9.877609089353 0.011221123379
9.884972197135 0.011186396160
9.892335304917 0.011152013001
9.899698412699 0.011118724484
9.907061520480 0.011087234165
9.914424628262 0.011056737209
9.921787736044 0.011026055755
9.929150843826 0.010994775202
9.936513951608 0.010962831190
9.943877059390 0.010930810424
9.951240167172 0.010900861146
9.958603274953 0.010872275310
9.965966382735 0.010843444262
9.973329490517 0.010813971703
9.980692598299 0.010783691253
9.988055706081 0.010753195207
9.995418813863 0.010723421207
10.002781921644 0.010694237223
10.010145029426 0.010654667479
10.017508137208 0.010613730308
10.024871244990 0.010572044255
10.032234352772 0.010529658913
10.039597460554 0.010487577416
10.046960568336 0.010446629151
10.054323676117 0.010407027278
10.061686783899 0.010368179719
10.069049891681 0.010329844013
10.076412999463 0.010291944488
10.083776107245 0.010255055609
10.091139215027 0.010219410048
10.098502322809 0.010183658239
10.105865430590 0.010147045622
10.113228538372 0.010109549477
10.120591646154 0.010071439569
10.127954753936 0.010033230266
10.135317861718 0.009995372375
10.142680969500 0.009958030245
10.150044077282 0.009921441659
10.157407185063 0.009886288744
10.164770292845 0.009852736919
10.172133400627 0.009820080830
10.179496508409 0.009788101026
10.186859616191 0.009756405941
10.194222723973 0.009724823636
10.201585831754 0.009693406789
10.208948939536 0.009662443884
10.216312047318 0.009632344002
10.223675155100 0.009603049156
10.231038262882 0.009574559222
10.238401370664 0.009547136567
10.245764478446 0.009519954141
10.253127586227 0.009492265112
10.260490694009 0.009464270354
10.267853801791 0.009436296966
10.275216909573 0.009408322296
10.282580017355 0.009380318397
10.289943125137 0.009352357047
10.297306232919 0.009324438048
10.304669340700 0.009296772039
10.312032448482 0.009269460920
10.319395556264 0.009242338569
10.326758664046 0.009215378115
10.334121771828 0.009188618601
10.341484879610 0.009162321004
10.348847987391 0.009136663773
10.356211095173 0.009111507485
10.363574202955 0.009086638685
10.370937310737 0.009061790793
10.378300418519 0.009036709242
10.385663526301 0.009011330914
10.393026634083 0.008985792000
10.400389741864 0.008960415334
10.407752849646 0.008935527007
10.415115957428 0.008911193659
10.422479065210 0.008887287302
10.429842172992 0.008863768609
10.437205280774 0.008840699336
10.444568388556 0.008818154448
10.451931496337 0.008796212830
10.459294604119 0.008774938493
10.466657711901 0.008754289214
10.474020819683 0.008733986135
10.481383927465 0.008713726384
10.488747035247 0.008693608491
10.496110143028 0.008673762061
10.503473250810 0.008654033293
10.510836358592 0.008634247593
10.518199466374 0.008614291899
10.525562574156 0.008594093211
10.532925681938 0.008573709225
10.540288789720 0.008553291369
10.547651897501 0.008532994200
10.555015005283 0.008512961149
10.562378113065 0.008493283894
10.569741220847 0.008474005520
10.577104328629 0.008455168644
10.584467436411 0.008436735142
10.591830544193 0.008418607018
10.599193651974 0.008400771858
10.606556759756 0.008383203734
10.613919867538 0.008365772967
10.621282975320 0.008348532677
10.628646083102 0.008331582944
10.636009190884 0.008314917370
10.643372298666 0.008298448180
10.650735406447 0.008282197373
10.658098514229 0.008266284181
10.665461622011 0.008250699940
10.672824729793 0.008235273107
10.680187837575 0.008219887121
10.687550945357 0.008204553916
10.694914053138 0.008189364136
10.702277160920 0.008174392296
10.709640268702 0.008159648484
10.717003376484 0.008145143565
10.724366484266 0.008130902871
10.731729592048 0.008116928776
10.739092699830 0.008103218128
10.746455807611 0.008089782937
10.753818915393 0.008076612042
10.761182023175 0.008063638741
10.768545130957 0.008050826527
10.775908238739 0.008038208108
10.783271346521 0.008025801458
10.790634454303 0.008013563129
10.797997562084 0.008001429488
10.805360669866 0.007989385490
10.812723777648 0.007977480364
10.820086885430 0.007965776521
10.827449993212 0.007954269939
10.834813100994 0.007942868491
10.842176208775 0.007931477150
10.849539316557 0.007920069565
10.856902424339 0.007908693690
10.864265532121 0.007897432817
10.871628639903 0.007886355106
10.878991747685 0.007875477408
10.886354855467 0.007864737399
10.893717963248 0.007854024612
10.901081071030 0.007843246362
10.908444178812 0.007832358463
10.915807286594 0.007821374434
10.923170394376 0.007810330839
10.930533502158 0.007799257345
10.937896609940 0.007788173209
10.945259717721 0.007777097780
10.952622825503 0.007766043035
10.959985933285 0.007754967297
10.967349041067 0.007743790530
10.974712148849 0.007732475908
10.982075256631 0.007721011210
10.989438364412 0.007709370035
10.996801472194 0.007697530899
11.004164579976 0.007685502360
11.011527687758 0.007673325266
11.018890795540 0.007661062675
11.026253903322 0.007648750709
11.033617011104 0.007636381614
11.040980118885 0.007623950822
11.048343226667 0.007611485917
11.055706334449 0.007599034271
11.063069442231 0.007586623222
11.070432550013 0.007574241670
11.077795657795 0.007561811649
11.085158765577 0.007549218295
11.092521873358 0.007536416909
11.099884981140 0.007523447851
11.107248088922 0.007510381251
11.114611196704 0.007497276067
11.121974304486 0.007484167243
11.129337412268 0.007471058699
11.136700520050 0.007457925046
11.144063627831 0.007444734685
11.151426735613 0.007431464765
11.158789843395 0.007418113800
11.166152951177 0.007404715857
11.173516058959 0.007391320586
11.180879166741 0.007377968132
11.188242274522 0.007364667321
11.195605382304 0.007351379454
11.202968490086 0.007338052029
11.210331597868 0.007324654840
11.217694705650 0.007311184592
11.225057813432 0.007297637465
11.232420921214 0.007284023145
11.239784028995 0.007270373616
11.247147136777 0.007256731956
11.254510244559 0.007243122028
11.261873352341 0.007229516680
11.269236460123 0.007215878392
11.276599567905 0.007202209183
11.283962675687 0.007188530736
11.291325783468 0.007174856959
11.298688891250 0.007161180988
11.306051999032 0.007147488607
11.313415106814 0.007133777338
11.320778214596 0.007120054386
11.328141322378 0.007106330718
11.335504430159 0.007092610835
11.342867537941 0.007078864618
11.350230645723 0.007065003497
11.357593753505 0.007050934431
11.364956861287 0.007036635795
11.372319969069 0.007022143967
11.379683076851 0.007007496850
11.387046184632 0.006992722820
11.394409292414 0.006977859882
11.401772400196 0.006962954980
11.409135507978 0.006948069482
11.416498615760 0.006933240406
11.423861723542 0.006918449377
11.431224831324 0.006903649206
11.438587939105 0.006888794862
11.445951046887 0.006873870929
11.453314154669 0.006858891647
11.460677262451 0.006843883233
11.468040370233 0.006828898805
11.475403478015 0.006813979148
11.482766585796 0.006799111546
11.490129693578 0.006784283963
11.497492801360 0.006769511563
11.504855909142 0.006754817671
11.512219016924 0.006740208648
11.519582124706 0.006725680984
11.526945232488 0.006711243573
11.534308340269 0.006696896824
11.541671448051 0.006682602634
11.549034555833 0.006668285685
11.556397663615 0.006653865919
11.563760771397 0.006639323431
11.571123879179 0.006624691471
11.578486986961 0.006610007044
11.585850094742 0.006595317366
11.593213202524 0.006580652804
11.600576310306 0.006566023770
11.607939418088 0.006551424439
11.615302525870 0.006536798440
11.622665633652 0.006522072727
11.630028741434 0.006507240766
11.637391849215 0.006492345566
11.644754956997 0.006477437967
11.652118064779 0.006462558239
11.659481172561 0.006447733146
11.666844280343 0.006433006058
11.674207388125 0.006418404867
11.681570495906 0.006403900217
11.688933603688 0.006389430061
11.696296711470 0.006374952898
11.703659819252 0.006360473000
11.711022927034 0.006346027168
11.718386034816 0.006331664337
11.725749142598 0.006317447785
11.733112250379 0.006303435456
11.740475358161 0.006289671458
11.747838465943 0.006276112063
11.755201573725 0.006262665935
11.762564681507 0.006249312112
11.769927789289 0.006236089960
11.777290897071 0.006223066579
11.784654004852 0.006210319268
11.792017112634 0.006197885891
11.799380220416 0.006185725522
11.806743328198 0.006173783051
11.814106435980 0.006162027406
11.821469543762 0.006150412698
11.828832651543 0.006138888854
11.836195759325 0.006127431954
11.843558867107 0.006116053316
11.850921974889 0.006104791372
11.858285082671 0.006093689171
11.865648190453 0.006082774134
11.873011298235 0.006072045107
11.880374406016 0.006061453806
11.887737513798 0.006050961344
11.895100621580 0.006040552815
11.902463729362 0.006030223161
11.909826837144 0.006019979935
11.917189944926 0.006009834816
11.924553052708 0.005999838363
11.931916160489 0.005990045477
11.939279268271 0.005980476893
11.946642376053 0.005971108123
11.954005483835 0.005961917017
11.961368591617 0.005952908560
11.968731699399 0.005944094988
11.976094807180 0.005935483248
11.983457914962 0.005927062074
11.990821022744 0.005918841596
11.998184130526 0.005910845995
12.005547238308 0.005903071367
12.012910346090 0.005895507484
12.020273453872 0.005888096018
12.027636561653 0.005880739197
12.034999669435 0.005873440130
12.042362777217 0.005866234976
12.049725884999 0.005859142366
12.057088992781 0.005852156536
12.064452100563 0.005845271324
12.071815208345 0.005838467758
12.079178316126 0.005831708416
12.086541423908 0.005824970151
12.093904531690 0.005818238750
12.101267639472 0.005811515425
12.108630747254 0.005804821531
12.115993855036 0.005798203761
12.123356962818 0.005791705437
12.130720070599 0.005785316827
12.138083178381 0.005778941517
12.145446286163 0.005772459244
12.152809393945 0.005765826547
12.160172501727 0.005759065291
12.167535609509 0.005752222564
12.174898717290 0.005745357721
12.182261825072 0.005738529387
12.189624932854 0.005731786622
12.196988040636 0.005725141712
12.204351148418 0.005718586202
12.211714256200 0.005712126574
12.219077363982 0.005705732395
12.226440471763 0.005699356185
12.233803579545 0.005692990630
12.241166687327 0.005686673063
12.248529795109 0.005680455347
12.255892902891 0.005674360716
12.263256010673 0.005668388865
12.270619118455 0.005662536338
12.277982226236 0.005656743751
12.285345334018 0.005650901725
12.292708441800 0.005644984739
12.300071549582 0.005639064581
12.307434657364 0.005633229595
12.314797765146 0.005627545131
12.322160872927 0.005621996734
12.329523980709 0.005616466585
12.336887088491 0.005610849036
12.344250196273 0.005605113850
12.351613304055 0.005599274167
12.358976411837 0.005593355368
12.366339519619 0.005587393177
12.373702627400 0.005581438342
12.381065735182 0.005575554246
12.388428842964 0.005569794630
12.395791950746 0.005564097171
12.403155058528 0.005558352221
12.410518166310 0.005552523257
12.417881274092 0.005546616556
12.425244381873 0.005540647367
12.432607489655 0.005534637464
12.439970597437 0.005528615169
12.447333705219 0.005522609776
12.454696813001 0.005516643422
12.462059920783 0.005510715431
12.469423028564 0.005504790562
12.476786136346 0.005498825500
12.484149244128 0.005492796031
12.491512351910 0.005486704925
12.498875459692 0.005480572941
12.506238567474 0.005474441212
12.513601675256 0.005468366700
12.520964783037 0.005462359990
12.528327890819 0.005456375528
12.535690998601 0.005450347558
12.543054106383 0.005444240359
12.550417214165 0.005438064300
12.557780321947 0.005431843362
12.565143429729 0.005425599690
12.572506537510 0.005419355933
12.579869645292 0.005413132197
12.587232753074 0.005406933914
12.594595860856 0.005400749883
12.601958968638 0.005394568486
12.609322076420 0.005388395084
12.616685184202 0.005382243934
12.624048291983 0.005376124365
12.631411399765 0.005370032743
12.638774507547 0.005363936673
12.646137615329 0.005357822677
12.653500723111 0.005351688686
12.660863830893 0.005345528799
12.668226938674 0.005339340758
12.675590046456 0.005333130774
12.682953154238 0.005326906180
12.690316262020 0.005320668070
12.697679369802 0.005314413079
12.705042477584 0.005308140437
12.712405585366 0.005301849732
12.719768693147 0.005295537735
12.727131800929 0.005289202181
12.734494908711 0.005282845056
12.741858016493 0.005276472241
12.749221124275 0.005270092899
12.756584232057 0.005263715864
12.763947339839 0.005257336816
12.771310447620 0.005250942384
12.778673555402 0.005244532627
12.786036663184 0.005238118074
12.793399770966 0.005231710946
12.800762878748 0.005225325088
12.808125986530 0.005218976814
12.815489094311 0.005212680896
12.822852202093 0.005206444720
12.830215309875 0.005200265945
12.837578417657 0.005194132478
12.844941525439 0.005188030047
12.852304633221 0.005181952179
12.859667741003 0.005175902227
12.867030848784 0.005169883190
12.874393956566 0.005163889727
12.881757064348 0.005157922501
12.889120172130 0.005151985674
12.896483279912 0.005146072823
12.903846387694 0.005140170804
12.911209495476 0.005134268644
12.918572603257 0.005128356797
12.925935711039 0.005122424825
12.933298818821 0.005116463113
12.940661926603 0.005110466302
12.948025034385 0.005104437554
12.955388142167 0.005098387610
12.962751249949 0.005092328484
12.970114357730 0.005086272231
12.977477465512 0.005080231015
12.984840573294 0.005074215403
12.992203681076 0.005068235247
12.999566788858 0.005062300156
13.006929896640 0.005056417961
13.014293004421 0.005050594180
13.021656112203 0.005044831555
13.029019219985 0.005039131396
13.036382327767 0.005033494539
13.043745435549 0.005027916099
13.051108543331 0.005022383794
13.058471651113 0.005016891650
13.065834758894 0.005011445431
13.073197866676 0.005006044382
13.080560974458 0.005000674227
13.087924082240 0.004995323326
13.095287190022 0.004989988491
13.102650297804 0.004984670018
13.110013405586 0.004979368981
13.117376513367 0.004974089946
13.124739621149 0.004968844670
13.132102728931 0.004963649038
13.139465836713 0.004958513217
13.146828944495 0.004953435196
13.154192052277 0.004948402739
13.161555160058 0.004943399192
13.168918267840 0.004938410307
13.176281375622 0.004933430406
13.183644483404 0.004928461622
13.191007591186 0.004923505399
13.198370698968 0.004918558223
13.205733806750 0.004913617034
13.213096914531 0.004908681391
13.220460022313 0.004903751911
13.227823130095 0.004898833104
13.235186237877 0.004893931815
13.242549345659 0.004889053743
13.249912453441 0.004884200004
13.257275561223 0.004879363714
13.264638669004 0.004874532452
13.272001776786 0.004869693800
13.279364884568 0.004864834505
13.286727992350 0.004859946381
13.294091100132 0.004855053603
13.301454207914 0.004850162791
13.308817315695 0.004845259844
13.316180423477 0.004840345778
13.323543531259 0.004835427379
13.330906639041 0.004830514804
13.338269746823 0.004825616393
13.345632854605 0.004820738376
13.352995962387 0.004815880676
13.360359070168 0.004811027414
13.367722177950 0.004806154170
13.375085285732 0.004801246428
13.382448393514 0.004796304289
13.389811501296 0.004791332921
13.397174609078 0.004786333921
13.404537716860 0.004781304137
13.411900824641 0.004776238006
13.419263932423 0.004771137088
13.426627040205 0.004766016658
13.433990147987 0.004760885722
13.441353255769 0.004755731772
13.448716363551 0.004750545993
13.456079471333 0.004745334469
13.463442579114 0.004740103284
13.470805686896 0.004734852353
13.478168794678 0.004729578199
13.485531902460 0.004724277051
13.492895010242 0.004718945577
13.500258118024 0.004713581062
13.507621225805 0.004708181007
13.514984333587 0.004702742956
13.522347441369 0.004697265161
13.529710549151 0.004691747112
13.537073656933 0.004686189464
13.544436764715 0.004680594239
13.551799872497 0.004674965170
13.559162980278 0.004669307800
13.566526088060 0.004663628965
13.573889195842 0.004657935472
13.581252303624 0.004652231590
13.588615411406 0.004646516644
13.595978519188 0.004640785021
13.603341626970 0.004635028906
13.610704734751 0.004629241943
13.618067842533 0.004623421542
13.625430950315 0.004617569294
13.632794058097 0.004611689592
13.640157165879 0.004605787129
13.647520273661 0.004599864700
13.654883381442 0.004593922956
13.662246489224 0.004587961472
13.669609597006 0.004581979206
13.676972704788 0.004575974263
13.684335812570 0.004569944145
13.691698920352 0.004563887289
13.699062028134 0.004557805578
13.706425135915 0.004551705431
13.713788243697 0.004545595062
13.721151351479 0.004539480416
13.728514459261 0.004533363699
13.735877567043 0.004527243676
13.743240674825 0.004521115769
13.750603782607 0.004514972720
13.757966890388 0.004508807087
13.765329998170 0.004502614999
13.772693105952 0.004496397442
13.780056213734 0.004490156907
13.787419321516 0.004483892179
13.794782429298 0.004477598414
13.802145537079 0.004471272494
13.809508644861 0.004464916587
13.816871752643 0.004458537486
13.824234860425 0.004452144338
13.831597968207 0.004445746645
13.838961075989 0.004439352719
13.846324183771 0.004432969283
13.853687291552 0.004426602283
13.861050399334 0.004420257818
13.868413507116 0.004413941874
13.875776614898 0.004407659298
13.883139722680 0.004401412234
13.890502830462 0.004395198863
13.897865938244 0.004389013467
13.905229046025 0.004382848247
13.912592153807 0.004376695624
13.919955261589 0.004370549984
13.927318369371 0.004364408137
13.934681477153 0.004358268851
13.942044584935 0.004352132102
13.949407692717 0.004345998032
13.956770800498 0.004339866390
13.964133908280 0.004333736929
13.971497016062 0.004327610230
13.978860123844 0.004321487669
13.986223231626 0.004315370914
13.993586339408 0.004309261651
14.000949447189 0.004303161338
14.008312554971 0.004297070238
14.015675662753 0.004290986428
14.023038770535 0.004284905263
14.030401878317 0.004278820938
14.037764986099 0.004272730277
14.045128093881 0.004266635032
14.052491201662 0.004260539730
14.059854309444 0.004254447448
14.067217417226 0.004248358016
14.074580525008 0.004242269119
14.081943632790 0.004236178030
14.089306740572 0.004230082980
14.096669848354 0.004223983999
14.104032956135 0.004217883328
14.111396063917 0.004211784966
14.118759171699 0.004205693448
14.126122279481 0.004199611919
14.133485387263 0.004193540684
14.140848495045 0.004187477769
14.148211602826 0.004181420888
14.155574710608 0.004175368907
14.162937818390 0.004169323203
14.170300926172 0.004163288238
14.177664033954 0.004157268470
14.185027141736 0.004151264475
14.192390249518 0.004145272581
14.199753357299 0.004139286815
14.207116465081 0.004133301467
14.214479572863 0.004127313089
14.221842680645 0.004121320377
14.229205788427 0.004115322700
14.236568896209 0.004109319111
14.243932003991 0.004103308765
14.251295111772 0.004097291749
14.258658219554 0.004091269252
14.266021327336 0.004085243373
14.273384435118 0.004079216835
14.280747542900 0.004073192764
14.288110650682 0.004067174583
14.295473758463 0.004061166261
14.302836866245 0.004055172413
14.310199974027 0.004049197487
14.317563081809 0.004043244115
14.324926189591 0.004037312676
14.332289297373 0.004031402815
14.339652405155 0.004025514654
14.347015512936 0.004019648672
14.354378620718 0.004013804857
14.361741728500 0.004007982010
14.369104836282 0.004002177588
14.376467944064 0.003996384668
14.383831051846 0.003990591132
14.391194159628 0.003984789690
14.398557267409 0.003978980382
14.405920375191 0.003973166346
14.413283482973 0.003967350749
14.420646590755 0.003961535350
14.428009698537 0.003955721067
14.435372806319 0.003949909608
14.442735914101 0.003944104525
14.450099021882 0.003938310909
14.457462129664 0.003932533493
14.464825237446 0.003926774666
14.472188345228 0.003921033993
14.479551453010 0.003915309369
14.486914560792 0.003909598940
14.494277668573 0.003903902669
14.501640776355 0.003898223129
14.509003884137 0.003892565201
14.516366991919 0.003886934635
14.523730099701 0.003881335799
14.531093207483 0.003875769596
14.538456315265 0.003870232974
14.545819423046 0.003864721003
14.553182530828 0.003859229795
14.560545638610 0.003853757378
14.567908746392 0.003848303071
14.575271854174 0.003842866759
14.582634961956 0.003837448540
14.589998069738 0.003832048363
14.597361177519 0.003826665823
14.604724285301 0.003821300423
14.612087393083 0.003815952137
14.619450500865 0.003810621993
14.626813608647 0.003805312691
14.634176716429 0.003800028776
14.641539824210 0.003794776091
14.648902931992 0.003789560658
14.656266039774 0.003784387470
14.663629147556 0.003779260271
14.670992255338 0.003774182316
14.678355363120 0.003769156965
14.685718470902 0.003764187629
14.693081578683 0.003759276551
14.700444686465 0.003754422691
14.707807794247 0.003749619605
14.715170902029 0.003744854940
14.722534009811 0.003740112434
14.729897117593 0.003735376658
14.737260225375 0.003730638222
14.744623333156 0.003725895781
14.751986440938 0.003721154094
14.759349548720 0.003716420765
14.766712656502 0.003711703237
14.774075764284 0.003707005846
14.781438872066 0.003702328558
14.788801979847 0.003697668659
14.796165087629 0.003693024235
14.803528195411 0.003688396695
14.810891303193 0.003683791044
14.818254410975 0.003679214158
14.825617518757 0.003674671979
14.832980626539 0.003670166427
14.840343734320 0.003665692830
14.847706842102 0.003661239580
14.855069949884 0.003656791618
14.862433057666 0.003652336575
14.869796165448 0.003647869322
14.877159273230 0.003643392292
14.884522381012 0.003638912064
14.891885488793 0.003634434864
14.899248596575 0.003629964108
14.906611704357 0.003625501220
14.913974812139 0.003621047265
14.921337919921 0.003616602518
14.928701027703 0.003612165419
14.936064135485 0.003607732940
14.943427243266 0.003603302229
14.950790351048 0.003598871879
14.958153458830 0.003594442449
14.965516566612 0.003590016458
14.972879674394 0.003585597950
14.980242782176 0.003581191699
14.987605889957 0.003576802151
14.994968997739 0.003572432013
15.002332105521 0.003568080812
15.009695213303 0.003563744220
15.017058321085 0.003559414911
15.024421428867 0.003555085431
15.031784536649 0.003550751471
15.039147644430 0.003546413896
15.046510752212 0.003542079149
15.053873859994 0.003537758427
15.061236967776 0.003533465948
15.068600075558 0.003529216453
15.075963183340 0.003525022387
15.083326291122 0.003520890970
15.090689398903 0.003516821899
15.098052506685 0.003512805836
15.105415614467 0.003508825182
15.112778722249 0.003504858247
15.120141830031 0.003500885650
15.127504937813 0.003496894942
15.134868045594 0.003492881123
15.142231153376 0.003488844305
15.149594261158 0.003484786965
15.156957368940 0.003480712100
15.164320476722 0.003476622677
15.171683584504 0.003472521885
15.179046692286 0.003468413633
15.186409800067 0.003464302704
15.193772907849 0.003460194545
15.201136015631 0.003456095356
15.208499123413 0.003452013578
15.215862231195 0.003447961097
15.223225338977 0.003443949310
15.230588446759 0.003439980706
15.237951554540 0.003436047939
15.245314662322 0.003432142359
15.252677770104 0.003428257200
15.260040877886 0.003424384134
15.267403985668 0.003420513957
15.274767093450 0.003416640355
15.282130201231 0.003412762095
15.289493309013 0.003408882455
15.296856416795 0.003405007318
15.304219524577 0.003401142511
15.311582632359 0.003397291291
15.318945740141 0.003393453254
15.326308847923 0.003389625315
15.333671955704 0.003385803701
15.341035063486 0.003381985773
15.348398171268 0.003378170594
15.355761279050 0.003374358476
15.363124386832 0.003370550416
15.370487494614 0.003366747678
15.377850602396 0.003362951119
15.385213710177 0.003359159923
15.392576817959 0.003355370394
15.399939925741 0.003351576246
15.407303033523 0.003347770850
15.414666141305 0.003343950285
15.422029249087 0.003340114587
15.429392356869 0.003336266854
15.436755464650 0.003332411561
15.444118572432 0.003328552301
15.451481680214 0.003324689767
15.458844787996 0.003320822461
15.466207895778 0.003316950355
15.473571003560 0.003313077225
15.480934111341 0.003309210000
15.488297219123 0.003305356320
15.495660326905 0.003301521187
15.503023434687 0.003297704003
15.510386542469 0.003293897092
15.517749650251 0.003290086353
15.525112758033 0.003286254636
15.532475865814 0.003282386426
15.539838973596 0.003278471445
15.547202081378 0.003274506261
15.554565189160 0.003270494734
15.561928296942 0.003266446534
15.569291404724 0.003262371792
15.576654512506 0.003258275867
15.584017620287 0.003254159011
15.591380728069 0.003250019093
15.598743835851 0.003245853700
15.606106943633 0.003241661168
15.613470051415 0.003237441186
15.620833159197 0.003233194950
15.628196266978 0.003228924985
15.635559374760 0.003224634476
15.642922482542 0.003220326304
15.650285590324 0.003216003064
15.657648698106 0.003211667813
15.665011805888 0.003207324609
15.672374913670 0.003202978030
15.679738021451 0.003198632832
15.687101129233 0.003194293536
15.694464237015 0.003189963192
15.701827344797 0.003185641947
15.709190452579 0.003181326911
15.716553560361 0.003177013973
15.723916668143 0.003172699297
15.731279775924 0.003168379346
15.738642883706 0.003164050382
15.746005991488 0.003159709394
15.753369099270 0.003155354878
15.760732207052 0.003150986067
15.768095314834 0.003146602363
15.775458422616 0.003142203752
15.782821530397 0.003137791836
15.790184638179 0.003133370091
15.797547745961 0.003128942818
15.804910853743 0.003124513673
15.812273961525 0.003120083957
15.819637069307 0.003115651015
15.827000177088 0.003111208373
15.834363284870 0.003106748444
15.841726392652 0.003102266488
15.849089500434 0.003097762745
15.856452608216 0.003093241512
15.863815715998 0.003088709518
15.871178823780 0.003084174535
15.878541931561 0.003079643391
15.885905039343 0.003075120988
15.893268147125 0.003070610519
15.900631254907 0.003066113873
15.907994362689 0.003061631725
15.915357470471 0.003057164173
15.922720578253 0.003052711174
15.930083686034 0.003048273262
15.937446793816 0.003043851807
15.944809901598 0.003039448772
15.952173009380 0.003035067275
15.959536117162 0.003030711298
15.966899224944 0.003026382727
15.974262332725 0.003022077348
15.981625440507 0.003017784304
15.988988548289 0.003013491717
15.996351656071 0.003009192820
16.003714763853 0.003004886866
16.011077871635 0.003000577242
16.018440979417 0.002996269499
16.025804087198 0.002991969510
16.033167194980 0.002987681922
16.040530302762 0.002983410002
16.047893410544 0.002979155197
16.055256518326 0.002974916465
16.062619626108 0.002970689695
16.069982733890 0.002966468653
16.077345841671 0.002962247781
16.084708949453 0.002958024214
16.092072057235 0.002953797371
16.099435165017 0.002949568107
16.106798272799 0.002945338804
16.114161380581 0.002941113417
16.121524488363 0.002936896492
16.128887596144 0.002932692595
16.136250703926 0.002928505856
16.143613811708 0.002924339907
16.150976919490 0.002920198078
16.158340027272 0.002916082062
16.165703135054 0.002911992524
16.173066242835 0.002907930148
16.180429350617 0.002903895302
16.187792458399 0.002899887548
16.195155566181 0.002895905765
16.202518673963 0.002891948546
16.209881781745 0.002888013272
16.217244889527 0.002884095465
16.224607997308 0.002880190907
16.231971105090 0.002876297213
16.239334212872 0.002872412965
16.246697320654 0.002868537094
16.254060428436 0.002864669226
16.261423536218 0.002860809709
16.268786644000 0.002856959007
16.276149751781 0.002853116837
16.283512859563 0.002849282124
16.290875967345 0.002845453718
16.298239075127 0.002841631331
16.305602182909 0.002837815988
16.312965290691 0.002834009584
16.320328398473 0.002830213589
16.327691506254 0.002826427590
16.335054614036 0.002822649866
16.342417721818 0.002818879359
16.349780829600 0.002815115938
16.357143937382 0.002811359732
16.364507045164 0.002807610508
16.371870152946 0.002803867262
16.379233260727 0.002800128724
16.386596368509 0.002796394550
16.393959476291 0.002792665979
16.401322584073 0.002788945782
16.408685691855 0.002785237635
16.416048799637 0.002781545067
16.423411907418 0.002777870471
16.430775015200 0.002774215619
16.438138122982 0.002770581484
16.445501230764 0.002766967332
16.452864338546 0.002763370525
16.460227446328 0.002759787466
16.467590554110 0.002756213991
16.474953661891 0.002752646512
16.482316769673 0.002749083031
16.489679877455 0.002745522942
16.497042985237 0.002741966292
16.504406093019 0.002738413637
16.511769200801 0.002734865758
16.519132308583 0.002731323762
16.526495416364 0.002727788938
16.533858524146 0.002724262401
16.541221631928 0.002720744677
16.548584739710 0.002717235091
16.555947847492 0.002713731822
16.563310955274 0.002710232490
16.570674063056 0.002706734794
16.578037170837 0.002703236756
16.585400278619 0.002699736518
16.592763386401 0.002696232535
16.600126494183 0.002692724299
16.607489601965 0.002689213209
16.614852709747 0.002685702683
16.622215817528 0.002682196643
16.629578925310 0.002678698344
16.636942033092 0.002675210396
16.644305140874 0.002671734888
16.651668248656 0.002668273245
16.659031356438 0.002664826101
16.666394464220 0.002661393506
16.673757572001 0.002657975190
16.681120679783 0.002654570983
16.688483787565 0.002651180757
16.695846895347 0.002647804278
16.703210003129 0.002644441480
16.710573110911 0.002641092546
16.717936218693 0.002637757814
16.725299326474 0.002634438031
16.732662434256 0.002631133641
16.740025542038 0.002627844569
16.747388649820 0.002624570760
16.754751757602 0.002621312099
16.762114865384 0.002618067853
16.769477973166 0.002614836380
16.776841080947 0.002611615166
16.784204188729 0.002608401259
16.791567296511 0.002605191712
16.798930404293 0.002601984136
16.806293512075 0.002598777100
16.813656619857 0.002595570985
16.821019727639 0.002592367557
16.828382835420 0.002589169200
16.835745943202 0.002585978406
16.843109050984 0.002582797782
16.850472158766 0.002579630034
16.857835266548 0.002576477554
16.865198374330 0.002573341552
16.872561482111 0.002570221672
16.879924589893 0.002567116513
16.887287697675 0.002564024805
16.894650805457 0.002560946151
16.902013913239 0.002557881095
16.909377021021 0.002554830432
16.916740128803 0.002551794462
16.924103236584 0.002548773077
16.931466344366 0.002545766105
16.938829452148 0.002542773187
16.946192559930 0.002539794002
16.953555667712 0.002536828647
16.960918775494 0.002533877503
16.968281883276 0.002530940775
16.975644991057 0.002528018232
16.983008098839 0.002525109261
16.990371206621 0.002522212890
16.997734314403 0.002519327862
17.005097422185 0.002516452826
17.012460529967 0.002513586856
17.019823637749 0.002510729738
17.027186745530 0.002507881956
17.034549853312 0.002505044306
17.041912961094 0.002502217540
17.049276068876 0.002499402247
17.056639176658 0.002496598998
17.064002284440 0.002493808202
17.071365392222 0.002491029632
17.078728500003 0.002488262146
17.086091607785 0.002485504238
17.093454715567 0.002482754926
17.100817823349 0.002480014395
17.108180931131 0.002477283786
17.115544038913 0.002474564607
17.122907146694 0.002471858335
17.130270254476 0.002469166311
17.137633362258 0.002466489677
17.144996470040 0.002463829048
17.152359577822 0.002461184654
17.159722685604 0.002458556555
17.167085793386 0.002455944770
17.174448901167 0.002453348954
17.181812008949 0.002450767982
17.189175116731 0.002448199946
17.196538224513 0.002445642481
17.203901332295 0.002443093258
17.211264440077 0.002440550303
17.218627547859 0.002438012203
17.225990655640 0.002435478397
17.233353763422 0.002432949256
17.240716871204 0.002430425696
17.248079978986 0.002427908753
17.255443086768 0.002425399231
17.262806194550 0.002422897613
17.270169302332 0.002420403984
17.277532410113 0.002417918007
17.284895517895 0.002415438754
17.292258625677 0.002412964967
17.299621733459 0.002410495523
17.306984841241 0.002408029626
17.314347949023 0.002405566635
17.321711056804 0.002403105989
17.329074164586 0.002400647363
17.336437272368 0.002398190991
17.343800380150 0.002395737831
17.351163487932 0.002393289442
17.358526595714 0.002390847842
17.365889703496 0.002388415220
17.373252811277 0.002385993428
17.380615919059 0.002383583167
17.387979026841 0.002381183427
17.395342134623 0.002378791655
17.402705242405 0.002376404624
17.410068350187 0.002374019385
17.417431457969 0.002371633828
17.424794565750 0.002369246909
17.432157673532 0.002366858785
17.439520781314 0.002364470487
17.446883889096 0.002362083107
17.454246996878 0.002359697449
17.461610104660 0.002357314034
17.468973212442 0.002354933332
17.476336320223 0.002352555762
17.483699428005 0.002350181506
17.491062535787 0.002347810309
17.498425643569 0.002345441541
17.505788751351 0.002343074248
17.513151859133 0.002340707089
17.520514966915 0.002338338289
17.527878074696 0.002335966024
17.535241182478 0.002333588760
17.542604290260 0.002331205564
17.549967398042 0.002328816129
17.557330505824 0.002326420681
17.564693613606 0.002324019968
17.572056721387 0.002321615371
17.579419829169 0.002319208613
17.586782936951 0.002316801329
17.594146044733 0.002314394821
17.601509152515 0.002311990024
17.608872260297 0.002309587618
17.616235368079 0.002307187862
17.623598475860 0.002304790443
17.630961583642 0.002302394453
17.638324691424 0.002299998781
17.645687799206 0.002297602118
17.653050906988 0.002295202945
17.660414014770 0.002292799768
17.667777122552 0.002290391586
17.675140230333 0.002287978055
17.682503338115 0.002285559463
17.689866445897 0.002283136438
17.697229553679 0.002280709666
17.704592661461 0.002278279618
17.711955769243 0.002275846469
17.719318877025 0.002273410166
17.726681984806 0.002270970751
17.734045092588 0.002268528407
17.741408200370 0.002266083324
17.748771308152 0.002263635229
17.756134415934 0.002261183254
17.763497523716 0.002258726097
17.770860631497 0.002256262544
17.778223739279 0.002253792058
17.785586847061 0.002251314784
17.792949954843 0.002248831368
17.800313062625 0.002246342901
17.807676170407 0.002243850870
17.815039278189 0.002241356885
17.822402385970 0.002238862265
17.829765493752 0.002236367966
17.837128601534 0.002233874747
17.844491709316 0.002231383139
17.851854817098 0.002228893337
17.859217924880 0.002226405234
17.866581032662 0.002223918517
17.873944140443 0.002221432691
17.881307248225 0.002218947166
17.888670356007 0.002216461293
17.896033463789 0.002213974388
17.903396571571 0.002211485645
17.910759679353 0.002208994219
17.918122787135 0.002206499272
17.925485894916 0.002204000085
17.932849002698 0.002201496137
17.940212110480 0.002198987269
17.947575218262 0.002196473960
17.954938326044 0.002193957047
17.962301433826 0.002191437282
17.969664541608 0.002188915221
17.977027649389 0.002186391304
17.984390757171 0.002183865815
17.991753864953 0.002181338914
17.999116972735 0.002178810545
18.006480080517 0.002176280467
18.013843188299 0.002173748262
18.021206296080 0.002171213300
18.028569403862 0.002168674875
18.035932511644 0.002166132244
18.043295619426 0.002163584780
18.050658727208 0.002161032002
18.058021834990 0.002158473640
18.065384942772 0.002155909684
18.072748050553 0.002153340445
18.080111158335 0.002150766507
18.087474266117 0.002148188711
18.094837373899 0.002145608029
18.102200481681 0.002143025381
18.109563589463 0.002140441495
18.116926697245 0.002137856985
18.124289805026 0.002135272472
18.131652912808 0.002132688522
18.139016020590 0.002130105417
18.146379128372 0.002127523151
18.153742236154 0.002124941486
18.161105343936 0.002122359815
18.168468451718 0.002119777223
18.175831559499 0.002117192707
18.183194667281 0.002114605529
18.190557775063 0.002112015516
18.197920882845 0.002109423100
18.205283990627 0.002106829211
18.212647098409 0.002104234976
18.220010206191 0.002101641404
18.227373313972 0.002099049141
18.234736421754 0.002096458420
18.242099529536 0.002093869135
18.249462637318 0.002091281047
18.256825745100 0.002088693891
18.264188852882 0.002086107419
18.271551960663 0.002083521378
18.278915068445 0.002080935411
18.286278176227 0.002078349009
18.293641284009 0.002075761553
18.301004391791 0.002073172346
18.308367499573 0.002070580669
18.315730607355 0.002067985909
18.323093715136 0.002065387650
18.330456822918 0.002062785897
18.337819930700 0.002060181231
18.345183038482 0.002057574710
18.352546146264 0.002054967749
18.359909254046 0.002052361904
18.367272361828 0.002049758582
18.374635469609 0.002047158801
18.381998577391 0.002044563056
18.389361685173 0.002041971430
18.396724792955 0.002039383775
18.404087900737 0.002036799901
18.411451008519 0.002034219679
18.418814116301 0.002031643034
18.426177224082 0.002029069867
18.433540331864 0.002026500069
18.440903439646 0.002023933499
18.448266547428 0.002021370024
18.455629655210 0.002018809451
18.462992762992 0.002016251539
18.470355870773 0.002013696002
18.477718978555 0.002011142575
18.485082086337 0.002008591118
18.492445194119 0.002006041627
18.499808301901 0.002003494212
18.507171409683 0.002000949014
18.514534517465 0.001998406158
18.521897625246 0.001995865685
18.529260733028 0.001993327575
18.536623840810 0.001990791709
18.543986948592 0.001988257859
18.551350056374 0.001985725631
18.558713164156 0.001983194466
18.566076271938 0.001980663740
18.573439379719 0.001978132943
18.580802487501 0.001975601845
18.588165595283 0.001973070604
18.595528703065 0.001970539734
18.602891810847 0.001968009935
18.610254918629 0.001965481866
18.617618026411 0.001962956013
18.624981134192 0.001960432596
18.632344241974 0.001957911559
18.639707349756 0.001955392554
18.647070457538 0.001952874929
18.654433565320 0.001950357845
18.661796673102 0.001947840643
18.669159780884 0.001945323280
18.676522888665 0.001942805605
18.683885996447 0.001940287438
18.691249104229 0.001937769154
18.698612212011 0.001935251186
18.705975319793 0.001932733472
18.713338427575 0.001930215454
18.720701535356 0.001927696280
18.728064643138 0.001925175334
18.735427750920 0.001922652684
18.742790858702 0.001920129199
18.750153966484 0.001917606357
18.757517074266 0.001915085792
18.764880182048 0.001912568788
18.772243289829 0.001910055886
18.779606397611 0.001907546624
18.786969505393 0.001905039556
18.794332613175 0.001902532562
18.801695720957 0.001900023604
18.809058828739 0.001897511553
18.816421936521 0.001894996550
18.823785044302 0.001892479835
18.831148152084 0.001889963164
18.838511259866 0.001887448149
18.845874367648 0.001884935839
18.853237475430 0.001882426554
18.860600583212 0.001879919918
18.867963690994 0.001877415081
18.875326798775 0.001874911124
18.882689906557 0.001872407501
18.890053014339 0.001869904457
18.897416122121 0.001867403185
18.904779229903 0.001864905518
18.912142337685 0.001862413333
18.919505445466 0.001859927944
18.926868553248 0.001857449670
18.934231661030 0.001854977727
18.941594768812 0.001852510630
18.948957876594 0.001850046866
18.956320984376 0.001847585594
18.963684092158 0.001845126720
18.971047199939 0.001842670737
18.978410307721 0.001840218421
18.985773415503 0.001837770528
18.993136523285 0.001835327411
19.000499631067 0.001832888803
19.007862738849 0.001830453740
19.015225846631 0.001828020843
19.022588954412 0.001825588610
19.029952062194 0.001823155822
19.037315169976 0.001820721993
19.044678277758 0.001818287705
19.052041385540 0.001815854526
19.059404493322 0.001813424547
19.066767601104 0.001810999659
19.074130708885 0.001808580844
19.081493816667 0.001806167772
19.088856924449 0.001803759022
19.096220032231 0.001801353083
19.103583140013 0.001798949183
19.110946247795 0.001796547441
19.118309355577 0.001794148507
19.125672463358 0.001791753296
19.133035571140 0.001789362969
19.140398678922 0.001786978876
19.147761786704 0.001784602233
19.155124894486 0.001782233815
19.162488002268 0.001779873825
19.169851110049 0.001777522052
19.177214217831 0.001775177290
19.184577325613 0.001772837311
19.191940433395 0.001770501362
19.199303541177 0.001768170538
19.206666648959 0.001765846652
19.214029756741 0.001763531408
19.221392864522 0.001761225793
19.228755972304 0.001758929526
19.236119080086 0.001756640971
19.243482187868 0.001754357732
19.250845295650 0.001752077700
19.258208403432 0.001749799583
19.265571511214 0.001747522852
19.272934618995 0.001745247534
19.280297726777 0.001742974064
19.287660834559 0.001740702647
19.295023942341 0.001738433364
19.302387050123 0.001736166901
19.309750157905 0.001733903808
19.317113265687 0.001731643862
19.324476373468 0.001729386232
19.331839481250 0.001727129860
19.339202589032 0.001724873994
19.346565696814 0.001722618702
19.353928804596 0.001720365188
19.361291912378 0.001718115339
19.368655020160 0.001715870765
19.376018127941 0.001713631911
19.383381235723 0.001711397795
19.390744343505 0.001709166244
19.398107451287 0.001706934942
19.405470559069 0.001704702672
19.412833666851 0.001702469702
19.420196774632 0.001700237334
19.427559882414 0.001698007032
19.434922990196 0.001695780092
19.442286097978 0.001693557695
19.449649205760 0.001691341046
19.457012313542 0.001689131280
19.464375421324 0.001686929115
19.471738529105 0.001684734703
19.479101636887 0.001682547771
19.486464744669 0.001680367878
19.493827852451 0.001678194673
19.501190960233 0.001676028374
19.508554068015 0.001673870070
19.515917175797 0.001671721185
19.523280283578 0.001669582308
19.530643391360 0.001667452448
19.538006499142 0.001665329034
19.545369606924 0.001663208473
19.552732714706 0.001661087646
19.560095822488 0.001658966123
19.567458930270 0.001656845291
19.574822038051 0.001654726033
19.582185145833 0.001652609591
19.589548253615 0.001650497914
19.596911361397 0.001648392557
19.604274469179 0.001646294120
19.611637576961 0.001644202799
19.619000684742 0.001642118793
19.626363792524 0.001640042084
19.633726900306 0.001637972193
19.641090008088 0.001635908575
19.648453115870 0.001633851320
19.655816223652 0.001631801477
19.663179331434 0.001629760805
19.670542439215 0.001627730913
19.677905546997 0.001625712362
19.685268654779 0.001623704094
19.692631762561 0.001621703461
19.699994870343 0.001619706947
19.707357978125 0.001617711748
19.714721085907 0.001615716911
19.722084193688 0.001613723162
19.729447301470 0.001611731971
19.736810409252 0.001609744816
19.744173517034 0.001607762953
19.751536624816 0.001605787346
19.758899732598 0.001603818642
19.766262840380 0.001601857139
19.773625948161 0.001599902727
19.780989055943 0.001597954922
19.788352163725 0.001596013210
19.795715271507 0.001594077490
19.803078379289 0.001592148288
19.810441487071 0.001590226493
19.817804594853 0.001588312820
19.825167702634 0.001586407352
19.832530810416 0.001584509237
19.839893918198 0.001582616967
19.847257025980 0.001580728965
19.854620133762 0.001578843850
19.861983241544 0.001576960631
19.869346349325 0.001575079036
19.876709457107 0.001573199531
19.884072564889 0.001571323097
19.891435672671 0.001569450857
19.898798780453 0.001567583850
19.906161888235 0.001565722647
19.913524996017 0.001563867193
19.920888103798 0.001562016944
19.928251211580 0.001560171192
19.935614319362 0.001558329447
19.942977427144 0.001556491790
19.950340534926 0.001554658825
19.957703642708 0.001552831087
19.965066750490 0.001551008632
19.972429858271 0.001549191124
19.979792966053 0.001547378166
19.987156073835 0.001545569476
19.994519181617 0.001543764976
