0.000000000000 0.125000000000
0.007363107782 0.124996971980
0.014726215564 0.124993933805
0.022089323346 0.124990895602
0.029452431127 0.124987857361
0.036815538909 0.124984819045
0.044178646691 0.124981780616
0.051541754473 0.124978742038
0.058904862255 0.124975703276
0.066267970037 0.124972664291
0.073631077819 0.124969625048
0.080994185600 0.124966585510
0.088357293382 0.124963545640
0.095720401164 0.124960505402
0.103083508946 0.124957464759
0.110446616728 0.124954423673
0.117809724510 0.124951382109
0.125172832291 0.124948340030
0.132535940073 0.124945297398
0.139899047855 0.124942254177
0.147262155637 0.124939210331
0.154625263419 0.124936165821
0.161988371201 0.124933120611
0.169351478983 0.124930074664
0.176714586764 0.124927027943
0.184077694546 0.124923980410
0.191440802328 0.124920932029
0.198803910110 0.124917882762
0.206167017892 0.124914832572
0.213530125674 0.124911781421
0.220893233456 0.124908729272
0.228256341237 0.124905676087
0.235619449019 0.124902621830
0.242982556801 0.124899566461
0.250345664583 0.124896509943
0.257708772365 0.124893452239
0.265071880147 0.124890393310
0.272434987928 0.124887333118
0.279798095710 0.124884271626
0.287161203492 0.124881208794
0.294524311274 0.124878144586
0.301887419056 0.124875078962
0.309250526838 0.124872011883
0.316613634620 0.124868943312
0.323976742401 0.124865873209
0.331339850183 0.124862801536
0.338702957965 0.124859728254
0.346066065747 0.124856653323
0.353429173529 0.124853576705
0.360792281311 0.124850498361
0.368155389093 0.124847418250
0.375518496874 0.124844336334
0.382881604656 0.124841252573
0.390244712438 0.124838166926
0.397607820220 0.124835079356
0.404970928002 0.124831989820
0.412334035784 0.124828898280
0.419697143566 0.124825804694
0.427060251347 0.124822709023
0.434423359129 0.124819611226
0.441786466911 0.124816511263
0.449149574693 0.124813409092
0.456512682475 0.124810304673
0.463875790257 0.124807197965
0.471238898038 0.124804088926
0.478602005820 0.124800977515
0.485965113602 0.124797863691
0.493328221384 0.124794747411
0.500691329166 0.124791628635
0.508054436948 0.124788507320
0.515417544730 0.124785383424
0.522780652511 0.124782256905
0.530143760293 0.124779127720
0.537506868075 0.124775995827
0.544869975857 0.124772861183
0.552233083639 0.124769723746
0.559596191421 0.124766583472
0.566959299203 0.124763440317
0.574322406984 0.124760294239
0.581685514766 0.124757145195
0.589048622548 0.124753993139
0.596411730330 0.124750838029
0.603774838112 0.124747679821
0.611137945894 0.124744518469
0.618501053675 0.124741353931
0.625864161457 0.124738186160
0.633227269239 0.124735015113
0.640590377021 0.124731840745
0.647953484803 0.124728663010
0.655316592585 0.124725481864
0.662679700367 0.124722297260
0.670042808148 0.124719109153
0.677405915930 0.124715917498
0.684769023712 0.124712722248
0.692132131494 0.124709523357
0.699495239276 0.124706320779
0.706858347058 0.124703114467
0.714221454840 0.124699904375
0.721584562621 0.124696690456
0.728947670403 0.124693472662
0.736310778185 0.124690250947
0.743673885967 0.124687025263
0.751036993749 0.124683795562
0.758400101531 0.124680561796
0.765763209313 0.124677323918
0.773126317094 0.124674081879
0.780489424876 0.124670835631
0.787852532658 0.124667585125
0.795215640440 0.124664330312
0.802578748222 0.124661071144
0.809941856004 0.124657807572
0.817304963785 0.124654539545
0.824668071567 0.124651267015
0.832031179349 0.124647989931
0.839394287131 0.124644708244
0.846757394913 0.124641421904
0.854120502695 0.124638130861
0.861483610477 0.124634835063
0.868846718258 0.124631534460
0.876209826040 0.124628229002
0.883572933822 0.124624918636
0.890936041604 0.124621603313
0.898299149386 0.124618282980
0.905662257168 0.124614957586
0.913025364950 0.124611627078
0.920388472731 0.124608291406
0.927751580513 0.124604950516
0.935114688295 0.124601604356
0.942477796077 0.124598252874
0.949840903859 0.124594896016
0.957204011641 0.124591533730
0.964567119422 0.124588165963
0.971930227204 0.124584792660
0.979293334986 0.124581413769
0.986656442768 0.124578029235
0.994019550550 0.124574639005
1.001382658332 0.124571243024
1.008745766114 0.124567841238
1.016108873895 0.124564433593
1.023471981677 0.124561020033
1.030835089459 0.124557600504
1.038198197241 0.124554174950
1.045561305023 0.124550743317
1.052924412805 0.124547305547
1.060287520587 0.124543861587
1.067650628368 0.124540411380
1.075013736150 0.124536954869
1.082376843932 0.124533491999
1.089739951714 0.124530022712
1.097103059496 0.124526546953
1.104466167278 0.124523064664
1.111829275060 0.124519575788
1.119192382841 0.124516080268
1.126555490623 0.124512578047
1.133918598405 0.124509069066
1.141281706187 0.124505553268
1.148644813969 0.124502030595
1.156007921751 0.124498500989
1.163371029532 0.124494964390
1.170734137314 0.124491420742
1.178097245096 0.124487869984
1.185460352878 0.124484312058
1.192823460660 0.124480746905
1.200186568442 0.124477174464
1.207549676224 0.124473594678
1.214912784005 0.124470007486
1.222275891787 0.124466412827
1.229638999569 0.124462810643
1.237002107351 0.124459200872
1.244365215133 0.124455583454
1.251728322915 0.124451958329
1.259091430697 0.124448325435
1.266454538478 0.124444684712
1.273817646260 0.124441036098
1.281180754042 0.124437379532
1.288543861824 0.124433714952
1.295906969606 0.124430042297
1.303270077388 0.124426361505
1.310633185169 0.124422672513
1.317996292951 0.124418975259
1.325359400733 0.124415269681
1.332722508515 0.124411555715
1.340085616297 0.124407833300
1.347448724079 0.124404102372
1.354811831861 0.124400362867
1.362174939642 0.124396614723
1.369538047424 0.124392857876
1.376901155206 0.124389092261
1.384264262988 0.124385317816
1.391627370770 0.124381534475
1.398990478552 0.124377742175
1.406353586334 0.124373940851
1.413716694115 0.124370130438
1.421079801897 0.124366310872
1.428442909679 0.124362482087
1.435806017461 0.124358644019
1.443169125243 0.124354796601
1.450532233025 0.124350939769
1.457895340807 0.124347073456
1.465258448588 0.124343197596
1.472621556370 0.124339312125
1.479984664152 0.124335416974
1.487347771934 0.124331512078
1.494710879716 0.124327597370
1.502073987498 0.124323672784
1.509437095279 0.124319738251
1.516800203061 0.124315793706
1.524163310843 0.124311839080
1.531526418625 0.124307874307
1.538889526407 0.124303899317
1.546252634189 0.124299914045
1.553615741971 0.124295918421
1.560978849752 0.124291912377
1.568341957534 0.124287895845
1.575705065316 0.124283868756
1.583068173098 0.124279831041
1.590431280880 0.124275782632
1.597794388662 0.124271723459
1.605157496444 0.124267653452
1.612520604225 0.124263572544
1.619883712007 0.124259480663
1.627246819789 0.124255377739
1.634609927571 0.124251263704
1.641973035353 0.124247138485
1.649336143135 0.124243002015
1.656699250916 0.124238854220
1.664062358698 0.124234695031
1.671425466480 0.124230524377
1.678788574262 0.124226342187
1.686151682044 0.124222148389
1.693514789826 0.124217942911
1.700877897608 0.124213725683
1.708241005389 0.124209496632
1.715604113171 0.124205255686
1.722967220953 0.124201002772
1.730330328735 0.124196737819
1.737693436517 0.124192460754
1.745056544299 0.124188171504
1.752419652081 0.124183869995
1.759782759862 0.124179556155
1.767145867644 0.124175229911
1.774508975426 0.124170891188
1.781872083208 0.124166539914
1.789235190990 0.124162176013
1.796598298772 0.124157799412
1.803961406554 0.124153410037
1.811324514335 0.124149007812
1.818687622117 0.124144592664
1.826050729899 0.124140164517
1.833413837681 0.124135723296
1.840776945463 0.124131268926
1.848140053245 0.124126801331
1.855503161026 0.124122320436
1.862866268808 0.124117826164
1.870229376590 0.124113318440
1.877592484372 0.124108797187
1.884955592154 0.124104262329
1.892318699936 0.124099713789
1.899681807718 0.124095151489
1.907044915499 0.124090575353
1.914408023281 0.124085985304
1.921771131063 0.124081381264
1.929134238845 0.124076763154
1.936497346627 0.124072130898
1.943860454409 0.124067484417
1.951223562191 0.124062823632
1.958586669972 0.124058148465
1.965949777754 0.124053458837
1.973312885536 0.124048754669
1.980675993318 0.124044035882
1.988039101100 0.124039302396
1.995402208882 0.124034554131
2.002765316663 0.124029791008
2.010128424445 0.124025012946
2.017491532227 0.124020219865
2.024854640009 0.124015411685
2.032217747791 0.124010588324
2.039580855573 0.124005749702
2.046943963355 0.124000895736
2.054307071136 0.123996026347
2.061670178918 0.123991141451
2.069033286700 0.123986240967
2.076396394482 0.123981324813
2.083759502264 0.123976392906
2.091122610046 0.123971445163
2.098485717828 0.123966481502
2.105848825609 0.123961501839
2.113211933391 0.123956506092
2.120575041173 0.123951494175
2.127938148955 0.123946466005
2.135301256737 0.123941421499
2.142664364519 0.123936360571
2.150027472301 0.123931283137
2.157390580082 0.123926189113
2.164753687864 0.123921078411
2.172116795646 0.123915950949
2.179479903428 0.123910806639
2.186843011210 0.123905645395
2.194206118992 0.123900467132
2.201569226773 0.123895271763
2.208932334555 0.123890059200
2.216295442337 0.123884829358
2.223658550119 0.123879582149
2.231021657901 0.123874317484
2.238384765683 0.123869035277
2.245747873465 0.123863735439
2.253110981246 0.123858417881
2.260474089028 0.123853082515
2.267837196810 0.123847729252
2.275200304592 0.123842358002
2.282563412374 0.123836968676
2.289926520156 0.123831561184
2.297289627938 0.123826135436
2.304652735719 0.123820691341
2.312015843501 0.123815228809
2.319378951283 0.123809747748
2.326742059065 0.123804248066
2.334105166847 0.123798729673
2.341468274629 0.123793192476
2.348831382410 0.123787636383
2.356194490192 0.123782061300
2.363557597974 0.123776467136
2.370920705756 0.123770853796
2.378283813538 0.123765221187
2.385646921320 0.123759569215
2.393010029102 0.123753897785
2.400373136883 0.123748206803
2.407736244665 0.123742496174
2.415099352447 0.123736765802
2.422462460229 0.123731015591
2.429825568011 0.123725245446
2.437188675793 0.123719455270
2.444551783575 0.123713644966
2.451914891356 0.123707814436
2.459277999138 0.123701963584
2.466641106920 0.123696092311
2.474004214702 0.123690200518
2.481367322484 0.123684288108
2.488730430266 0.123678354980
2.496093538048 0.123672401035
2.503456645829 0.123666426174
2.510819753611 0.123660430295
2.518182861393 0.123654413299
2.525545969175 0.123648375083
2.532909076957 0.123642315546
2.540272184739 0.123636234586
2.547635292520 0.123630132100
2.554998400302 0.123624007986
2.562361508084 0.123617862139
2.569724615866 0.123611694457
2.577087723648 0.123605504834
2.584450831430 0.123599293166
2.591813939212 0.123593059347
2.599177046993 0.123586803271
2.606540154775 0.123580524833
2.613903262557 0.123574223925
2.621266370339 0.123567900440
2.628629478121 0.123561554271
2.635992585903 0.123555185307
2.643355693685 0.123548793442
2.650718801466 0.123542378565
2.658081909248 0.123535940566
2.665445017030 0.123529479335
2.672808124812 0.123522994760
2.680171232594 0.123516486730
2.687534340376 0.123509955133
2.694897448158 0.123503399855
2.702260555939 0.123496820782
2.709623663721 0.123490217802
2.716986771503 0.123483590798
2.724349879285 0.123476939656
2.731712987067 0.123470264259
2.739076094849 0.123463564491
2.746439202630 0.123456840235
2.753802310412 0.123450091371
2.761165418194 0.123443317781
2.768528525976 0.123436519346
2.775891633758 0.123429695946
2.783254741540 0.123422847459
2.790617849322 0.123415973764
2.797980957103 0.123409074738
2.805344064885 0.123402150259
2.812707172667 0.123395200201
2.820070280449 0.123388224440
2.827433388231 0.123381222850
2.834796496013 0.123374195306
2.842159603795 0.123367141678
2.849522711576 0.123360061840
2.856885819358 0.123352955662
2.864248927140 0.123345823014
2.871612034922 0.123338663766
2.878975142704 0.123331477784
2.886338250486 0.123324264937
2.893701358267 0.123317025091
2.901064466049 0.123309758111
2.908427573831 0.123302463861
2.915790681613 0.123295142204
2.923153789395 0.123287793003
2.930516897177 0.123280416119
2.937880004959 0.123273011412
2.945243112740 0.123265578740
2.952606220522 0.123258117962
2.959969328304 0.123250628934
2.967332436086 0.123243111512
2.974695543868 0.123235565550
2.982058651650 0.123227990901
2.989421759432 0.123220387417
2.996784867213 0.123212754949
3.004147974995 0.123205093346
3.011511082777 0.123197402457
3.018874190559 0.123189682127
3.026237298341 0.123181932203
3.033600406123 0.123174152527
3.040963513905 0.123166342944
3.048326621686 0.123158503294
3.055689729468 0.123150633416
3.063052837250 0.123142733149
3.070415945032 0.123134802330
3.077779052814 0.123126840794
3.085142160596 0.123118848374
3.092505268377 0.123110824902
3.099868376159 0.123102770209
3.107231483941 0.123094684123
3.114594591723 0.123086566471
3.121957699505 0.123078417078
3.129320807287 0.123070235768
3.136683915069 0.123062022363
3.144047022850 0.123053776681
3.151410130632 0.123045498542
3.158773238414 0.123037187761
3.166136346196 0.123028844152
3.173499453978 0.123020467527
3.180862561760 0.123012057697
3.188225669542 0.123003614469
3.195588777323 0.122995137649
3.202951885105 0.122986627041
3.210314992887 0.122978082446
3.217678100669 0.122969503664
3.225041208451 0.122960890492
3.232404316233 0.122952242725
3.239767424014 0.122943560155
3.247130531796 0.122934842573
3.254493639578 0.122926089764
3.261856747360 0.122917301516
3.269219855142 0.122908477610
3.276582962924 0.122899617827
3.283946070706 0.122890721943
3.291309178487 0.122881789734
3.298672286269 0.122872820971
3.306035394051 0.122863815423
3.313398501833 0.122854772857
3.320761609615 0.122845693037
3.328124717397 0.122836575722
3.335487825179 0.122827420670
3.342850932960 0.122818227636
3.350214040742 0.122808996372
3.357577148524 0.122799726624
3.364940256306 0.122790418139
3.372303364088 0.122781070658
3.379666471870 0.122771683919
3.387029579652 0.122762257657
3.394392687433 0.122752791604
3.401755795215 0.122743285488
3.409118902997 0.122733739034
3.416482010779 0.122724151961
3.423845118561 0.122714523988
3.431208226343 0.122704854828
3.438571334124 0.122695144190
3.445934441906 0.122685391779
3.453297549688 0.122675597298
3.460660657470 0.122665760444
3.468023765252 0.122655880911
3.475386873034 0.122645958388
3.482749980816 0.122635992560
3.490113088597 0.122625983109
3.497476196379 0.122615929710
3.504839304161 0.122605832036
3.512202411943 0.122595689754
3.519565519725 0.122585502528
3.526928627507 0.122575270015
3.534291735289 0.122564991870
3.541654843070 0.122554667741
3.549017950852 0.122544297273
3.556381058634 0.122533880105
3.563744166416 0.122523415870
3.571107274198 0.122512904198
3.578470381980 0.122502344714
3.585833489762 0.122491737035
3.593196597543 0.122481080775
3.600559705325 0.122470375543
3.607922813107 0.122459620942
3.615285920889 0.122448816568
3.622649028671 0.122437962015
3.630012136453 0.122427056867
3.637375244234 0.122416100707
3.644738352016 0.122405093110
3.652101459798 0.122394033643
3.659464567580 0.122382921872
3.666827675362 0.122371757354
3.674190783144 0.122360539641
3.681553890926 0.122349268278
3.688916998707 0.122337942807
3.696280106489 0.122326562762
3.703643214271 0.122315127669
3.711006322053 0.122303637052
3.718369429835 0.122292090427
3.725732537617 0.122280487304
3.733095645399 0.122268827186
3.740458753180 0.122257109572
3.747821860962 0.122245333954
3.755184968744 0.122233499818
3.762548076526 0.122221606644
3.769911184308 0.122209653905
3.777274292090 0.122197641070
3.784637399871 0.122185567601
3.792000507653 0.122173432955
3.799363615435 0.122161236582
3.806726723217 0.122148977926
3.814089830999 0.122136656428
3.821452938781 0.122124271521
3.828816046563 0.122111822633
3.836179154344 0.122099309188
3.843542262126 0.122086730603
3.850905369908 0.122074086291
3.858268477690 0.122061375660
3.865631585472 0.122048598113
3.872994693254 0.122035753047
3.880357801036 0.122022839858
3.887720908817 0.122009857933
3.895084016599 0.121996806659
3.902447124381 0.121983685417
3.909810232163 0.121970493583
3.917173339945 0.121957230532
3.924536447727 0.121943895633
3.931899555509 0.121930488254
3.939262663290 0.121917007758
3.946625771072 0.121903453506
3.953988878854 0.121889824856
3.961351986636 0.121876121163
3.968715094418 0.121862341780
3.976078202200 0.121848486059
3.983441309981 0.121834553347
3.990804417763 0.121820542991
3.998167525545 0.121806454336
4.005530633327 0.121792286725
4.012893741109 0.121778039501
4.020256848891 0.121763712003
4.027619956673 0.121749303569
4.034983064454 0.121734813538
4.042346172236 0.121720241246
4.049709280018 0.121705586027
4.057072387800 0.121690847215
4.064435495582 0.121676024143
4.071798603364 0.121661116141
4.079161711146 0.121646122539
4.086524818927 0.121631042664
4.093887926709 0.121615875843
4.101251034491 0.121600621399
4.108614142273 0.121585278654
4.115977250055 0.121569846926
4.123340357837 0.121554325531
4.130703465618 0.121538713782
4.138066573400 0.121523010985
4.145429681182 0.121507216445
4.152792788964 0.121491329458
4.160155896746 0.121475349317
4.167519004528 0.121459275305
4.174882112310 0.121443106700
4.182245220091 0.121426842770
4.189608327873 0.121410482771
4.196971435655 0.121394025951
4.204334543437 0.121377471544
4.211697651219 0.121360818771
4.219060759001 0.121344066837
4.226423866783 0.121327214933
4.233786974564 0.121310262230
4.241150082346 0.121293207880
4.248513190128 0.121276051017
4.255876297910 0.121258790750
4.263239405692 0.121241426167
4.270602513474 0.121223956328
4.277965621255 0.121206380268
4.285328729037 0.121188696995
4.292691836819 0.121170905486
4.300054944601 0.121153004689
4.307418052383 0.121134993517
4.314781160165 0.121116870850
4.322144267947 0.121098635535
4.329507375728 0.121080286378
4.336870483510 0.121061822153
4.344233591292 0.121043241588
4.351596699074 0.121024543376
4.358959806856 0.121005726166
4.366322914638 0.120986788564
4.373686022420 0.120967729136
4.381049130201 0.120948546400
4.388412237983 0.120929238834
4.395775345765 0.120909804874
4.403138453547 0.120890242911
4.410501561329 0.120870551298
4.417864669111 0.120850728352
4.425227776893 0.120830772355
4.432590884674 0.120810681559
4.439953992456 0.120790454193
4.447317100238 0.120770088468
4.454680208020 0.120749582587
4.462043315802 0.120728934749
4.469406423584 0.120708143163
4.476769531365 0.120687206055
4.484132639147 0.120666121681
4.491495746929 0.120644888339
4.498858854711 0.120623504380
4.506221962493 0.120601968220
4.513585070275 0.120580278354
4.520948178057 0.120558433367
4.528311285838 0.120536431945
4.535674393620 0.120514272889
4.543037501402 0.120491955121
4.550400609184 0.120469477695
4.557763716966 0.120446839806
4.565126824748 0.120424040793
4.572489932530 0.120401080146
4.579853040311 0.120377957510
4.587216148093 0.120354672681
4.594579255875 0.120331225611
4.601942363657 0.120307616400
4.609305471439 0.120283845295
4.616668579221 0.120259912677
4.624031687002 0.120235819058
4.631394794784 0.120211565063
4.638757902566 0.120187151422
4.646121010348 0.120162578948
4.653484118130 0.120137848522
4.660847225912 0.120112961074
4.668210333694 0.120087917561
4.675573441475 0.120062718946
4.682936549257 0.120037366181
4.690299657039 0.120011860182
4.697662764821 0.119986201812
4.705025872603 0.119960391869
4.712388980385 0.119934431071
4.719752088167 0.119908320051
4.727115195948 0.119882059350
4.734478303730 0.119855649424
4.741841411512 0.119829090646
4.749204519294 0.119802383320
4.756567627076 0.119775527695
4.763930734858 0.119748523987
4.771293842640 0.119721372399
4.778656950421 0.119694073145
4.786020058203 0.119666626474
4.793383165985 0.119639032696
4.800746273767 0.119611292208
4.808109381549 0.119583405510
4.815472489331 0.119555373233
4.822835597112 0.119527196148
4.830198704894 0.119498875183
4.837561812676 0.119470411432
4.844924920458 0.119441806160
4.852288028240 0.119413060807
4.859651136022 0.119384176985
4.867014243804 0.119355156479
4.874377351585 0.119326001242
4.881740459367 0.119296713385
4.889103567149 0.119267295170
4.896466674931 0.119237748994
4.903829782713 0.119208077371
4.911192890495 0.119178282915
4.918555998277 0.119148368311
4.925919106058 0.119118336293
4.933282213840 0.119088189618
4.940645321622 0.119057931044
4.948008429404 0.119027563306
4.955371537186 0.118997089110
4.962734644968 0.118966511120
4.970097752749 0.118935831959
4.977460860531 0.118905054212
4.984823968313 0.118874180433
4.992187076095 0.118843213154
4.999550183877 0.118812154890
5.006913291659 0.118781008148
5.014276399441 0.118749775430
5.021639507222 0.118718459233
5.029002615004 0.118687062050
5.036365722786 0.118655586366
5.043728830568 0.118624034656
5.051091938350 0.118592409380
5.058455046132 0.118560712976
5.065818153914 0.118528947849
5.073181261695 0.118497116359
5.080544369477 0.118465220800
5.087907477259 0.118433263387
5.095270585041 0.118401246232
5.102633692823 0.118369171331
5.109996800605 0.118337040544
5.117359908386 0.118304855592
5.124723016168 0.118272618040
5.132086123950 0.118240329293
5.139449231732 0.118207990588
5.146812339514 0.118175602984
5.154175447296 0.118143167352
5.161538555078 0.118110684373
5.168901662859 0.118078154533
5.176264770641 0.118045578131
5.183627878423 0.118012955288
5.190990986205 0.117980285969
5.198354093987 0.117947570007
5.205717201769 0.117914807129
5.213080309551 0.117881996992
5.220443417332 0.117849139205
5.227806525114 0.117816233366
5.235169632896 0.117783279082
5.242532740678 0.117750275994
5.249895848460 0.117717223792
5.257258956242 0.117684122227
5.264622064024 0.117650971117
5.271985171805 0.117617770348
5.279348279587 0.117584519876
5.286711387369 0.117551219727
5.294074495151 0.117517869992
5.301437602933 0.117484470836
5.308800710715 0.117451022493
5.316163818496 0.117417525270
5.323526926278 0.117383979548
5.330890034060 0.117350385777
5.338253141842 0.117316744486
5.345616249624 0.117283056282
5.352979357406 0.117249321862
5.360342465188 0.117215542028
5.367705572969 0.117181717691
5.375068680751 0.117147849872
5.382431788533 0.117113939690
5.389794896315 0.117079988338
5.397158004097 0.117045997042
5.404521111879 0.117011967014
5.411884219661 0.116977899404
5.419247327442 0.116943795244
5.426610435224 0.116909655406
5.433973543006 0.116875480560
5.441336650788 0.116841271155
5.448699758570 0.116807027401
5.456062866352 0.116772749291
5.463425974133 0.116738436616
5.470789081915 0.116704089014
5.478152189697 0.116669706014
5.485515297479 0.116635287076
5.492878405261 0.116600831634
5.500241513043 0.116566339121
5.507604620825 0.116531808999
5.514967728606 0.116497240775
5.522330836388 0.116462634026
5.529693944170 0.116427988420
5.537057051952 0.116393303721
5.544420159734 0.116358579773
5.551783267516 0.116323816464
5.559146375298 0.116289013661
5.566509483079 0.116254171124
5.573872590861 0.116219288430
5.581235698643 0.116184364907
5.588598806425 0.116149399605
5.595961914207 0.116114391302
5.603325021989 0.116079338545
5.610688129770 0.116044239709
5.618051237552 0.116009093051
5.625414345334 0.115973896762
5.632777453116 0.115938648993
5.640140560898 0.115903347866
5.647503668680 0.115867991483
5.654866776462 0.115832577925
5.662229884243 0.115797105267
5.669592992025 0.115761571589
5.676956099807 0.115725975003
5.684319207589 0.115690313677
5.691682315371 0.115654585887
5.699045423153 0.115618790062
5.706408530935 0.115582924842
5.713771638716 0.115546989110
5.721134746498 0.115510981973
5.728497854280 0.115474902705
5.735860962062 0.115438750632
5.743224069844 0.115402525027
5.750587177626 0.115366225036
5.757950285408 0.115329849664
5.765313393189 0.115293397822
5.772676500971 0.115256868377
5.780039608753 0.115220260171
5.787402716535 0.115183571977
5.794765824317 0.115146802408
5.802128932099 0.115109949824
5.809492039880 0.115073012291
5.816855147662 0.115035987605
5.824218255444 0.114998873353
5.831581363226 0.114961666964
5.838944471008 0.114924365691
5.846307578790 0.114886966537
5.853670686572 0.114849466170
5.861033794353 0.114811860891
5.868396902135 0.114774146694
5.875760009917 0.114736319392
5.883123117699 0.114698374735
5.890486225481 0.114660308442
5.897849333263 0.114622116124
5.905212441045 0.114583793159
5.912575548826 0.114545334615
5.919938656608 0.114506735270
5.927301764390 0.114467989724
5.934664872172 0.114429092483
5.942027979954 0.114390037876
5.949391087736 0.114350819781
5.956754195517 0.114311431257
5.964117303299 0.114271864277
5.971480411081 0.114232109760
5.978843518863 0.114192157928
5.986206626645 0.114151998805
5.993569734427 0.114111622569
6.000932842209 0.114071019552
6.008295949990 0.114030179923
6.015659057772 0.113989093347
6.023022165554 0.113947749002
6.030385273336 0.113906136122
6.037748381118 0.113864244882
6.045111488900 0.113822067126
6.052474596682 0.113779596428
6.059837704463 0.113736827315
6.067200812245 0.113693753987
6.074563920027 0.113650369187
6.081927027809 0.113606663867
6.089290135591 0.113562627850
6.096653243373 0.113518251086
6.104016351154 0.113473524749
6.111379458936 0.113428441488
6.118742566718 0.113382994689
6.126105674500 0.113337177245
6.133468782282 0.113290980731
6.140831890064 0.113244395707
6.148194997846 0.113197413255
6.155558105627 0.113150027104
6.162921213409 0.113102235312
6.170284321191 0.113054040593
6.177647428973 0.113005449071
6.185010536755 0.112956467986
6.192373644537 0.112907103399
6.199736752319 0.112857358875
6.207099860100 0.112807235626
6.214462967882 0.112756733850
6.221826075664 0.112705854448
6.229189183446 0.112654600202
6.236552291228 0.112602975855
6.243915399010 0.112550987119
6.251278506792 0.112498639169
6.258641614573 0.112445935381
6.266004722355 0.112392876867
6.273367830137 0.112339462955
6.280730937919 0.112285692311
6.288094045701 0.112231564190
6.295457153483 0.112177079320
6.302820261264 0.112122240187
6.310183369046 0.112067050750
6.317546476828 0.112011515797
6.324909584610 0.111955640224
6.332272692392 0.111899428388
6.339635800174 0.111842883636
6.346998907956 0.111786008019
6.354362015737 0.111728802261
6.361725123519 0.111671266055
6.369088231301 0.111613398753
6.376451339083 0.111555200408
6.383814446865 0.111496672920
6.391177554647 0.111437820925
6.398540662429 0.111378652033
6.405903770210 0.111319176205
6.413266877992 0.111259404411
6.420629985774 0.111199346992
6.427993093556 0.111139012376
6.435356201338 0.111078406700
6.442719309120 0.111017534541
6.450082416901 0.110956400535
6.457445524683 0.110895011260
6.464808632465 0.110833376625
6.472171740247 0.110771510226
6.479534848029 0.110709428507
6.486897955811 0.110647149111
6.494261063593 0.110584689081
6.501624171374 0.110522063608
6.508987279156 0.110459285753
6.516350386938 0.110396367096
6.523713494720 0.110333318879
6.531076602502 0.110270152978
6.538439710284 0.110206882209
6.545802818066 0.110143519758
6.553165925847 0.110080077954
6.560529033629 0.110016566895
6.567892141411 0.109952993453
6.575255249193 0.109889361017
6.582618356975 0.109825669986
6.589981464757 0.109761918743
6.597344572538 0.109698104612
6.604707680320 0.109634224407
6.612070788102 0.109570274325
6.619433895884 0.109506249289
6.626797003666 0.109442142089
6.634160111448 0.109377942807
6.641523219230 0.109313638908
6.648886327011 0.109249216151
6.656249434793 0.109184660120
6.663612542575 0.109119957918
6.670975650357 0.109055099444
6.678338758139 0.108990077810
6.685701865921 0.108924888774
6.693064973703 0.108859529527
6.700428081484 0.108793997467
6.707791189266 0.108728289695
6.715154297048 0.108662403589
6.722517404830 0.108596338297
6.729880512612 0.108530096415
6.737243620394 0.108463684935
6.744606728176 0.108397114792
6.751969835957 0.108330398976
6.759332943739 0.108263549807
6.766696051521 0.108196576398
6.774059159303 0.108129483209
6.781422267085 0.108062270157
6.788785374867 0.107994934106
6.796148482648 0.107927470981
6.803511590430 0.107859877631
6.810874698212 0.107792152711
6.818237805994 0.107724296364
6.825600913776 0.107656309012
6.832964021558 0.107588189855
6.840327129340 0.107519935749
6.847690237121 0.107451540830
6.855053344903 0.107382996932
6.862416452685 0.107314294559
6.869779560467 0.107245424064
6.877142668249 0.107176376764
6.884505776031 0.107107145864
6.891868883813 0.107037727121
6.899231991594 0.106968119272
6.906595099376 0.106898324137
6.913958207158 0.106828346363
6.921321314940 0.106758192775
6.928684422722 0.106687871477
6.936047530504 0.106617390909
6.943410638285 0.106546759157
6.950773746067 0.106475983710
6.958136853849 0.106405071660
6.965499961631 0.106334030165
6.972863069413 0.106262866828
6.980226177195 0.106191589727
6.987589284977 0.106120206969
6.994952392758 0.106048725923
7.002315500540 0.105977152451
7.009678608322 0.105905388403
7.017041716104 0.105833214407
7.024404823886 0.105760635414
7.031767931668 0.105687656101
7.039131039450 0.105614282415
7.046494147231 0.105540522289
7.053857255013 0.105466379759
7.061220362795 0.105391860574
7.068583470577 0.105316974627
7.075946578359 0.105241733177
7.083309686141 0.105166146842
7.090672793922 0.105090223490
7.098035901704 0.105013966299
7.105399009486 0.104937378781
7.112762117268 0.104860451023
7.120125225050 0.104783174386
7.127488332832 0.104705552879
7.134851440614 0.104627595751
7.142214548395 0.104549307158
7.149577656177 0.104470686442
7.156940763959 0.104391733651
7.164303871741 0.104312453849
7.171666979523 0.104232850784
7.179030087305 0.104152930889
7.186393195087 0.104072690235
7.193756302868 0.103992126696
7.201119410650 0.103911244149
7.208482518432 0.103830061886
7.215845626214 0.103748585150
7.223208733996 0.103666825685
7.230571841778 0.103584794729
7.237934949560 0.103502501181
7.245298057341 0.103419941047
7.252661165123 0.103337111025
7.260024272905 0.103254021546
7.267387380687 0.103170663912
7.274750488469 0.103087029989
7.282113596251 0.103003119290
7.289476704032 0.102918949809
7.296839811814 0.102834537199
7.304202919596 0.102749868796
7.311566027378 0.102664910475
7.318929135160 0.102579663437
7.326292242942 0.102494141346
7.333655350724 0.102408354583
7.341018458505 0.102322319274
7.348381566287 0.102236048279
7.355744674069 0.102149547720
7.363107781851 0.102062802658
7.370470889633 0.101975808636
7.377833997415 0.101888546122
7.385197105197 0.101801041274
7.392560212978 0.101713305299
7.399923320760 0.101625345829
7.407286428542 0.101537196472
7.414649536324 0.101448865996
7.422012644106 0.101360342080
7.429375751888 0.101271628794
7.436738859669 0.101182700678
7.444101967451 0.101093539136
7.451465075233 0.101004136266
7.458828183015 0.100914519056
7.466191290797 0.100824736942
7.473554398579 0.100734796685
7.480917506361 0.100644662274
7.488280614142 0.100554356354
7.495643721924 0.100463886878
7.503006829706 0.100373236728
7.510369937488 0.100282371005
7.517733045270 0.100191242570
7.525096153052 0.100099825307
7.532459260834 0.100008167302
7.539822368615 0.099916235844
7.547185476397 0.099823964053
7.554548584179 0.099731434169
7.561911691961 0.099638704373
7.569274799743 0.099545784745
7.576637907525 0.099452680493
7.584001015307 0.099359340130
7.591364123088 0.099265664975
7.598727230870 0.099171639898
7.606090338652 0.099077385412
7.613453446434 0.098982915296
7.620816554216 0.098888132723
7.628179661998 0.098793063331
7.635542769779 0.098697634277
7.642905877561 0.098601845288
7.650268985343 0.098505695762
7.657632093125 0.098409200858
7.664995200907 0.098312383489
7.672358308689 0.098215273690
7.679721416471 0.098117900719
7.687084524252 0.098020333797
7.694447632034 0.097922575533
7.701810739816 0.097824630124
7.709173847598 0.097726402131
7.716536955380 0.097627828379
7.723900063162 0.097528881385
7.731263170944 0.097429549133
7.738626278725 0.097329858753
7.745989386507 0.097229904324
7.753352494289 0.097129752334
7.760715602071 0.097029324831
7.768078709853 0.096928591296
7.775441817635 0.096827575823
7.782804925416 0.096726210373
7.790168033198 0.096624435022
7.797531140980 0.096522271355
7.804894248762 0.096419750153
7.812257356544 0.096316888547
7.819620464326 0.096213684672
7.826983572108 0.096110100020
7.834346679889 0.096006116212
7.841709787671 0.095901660996
7.849072895453 0.095796725556
7.856436003235 0.095691329648
7.863799111017 0.095585506337
7.871162218799 0.095479273309
7.878525326581 0.095372585408
7.885888434362 0.095265387464
7.893251542144 0.095157726926
7.900614649926 0.095049629381
7.907977757708 0.094941048538
7.915340865490 0.094831988505
7.922703973272 0.094722521398
7.930067081053 0.094612724407
7.937430188835 0.094502612612
7.944793296617 0.094392147209
7.952156404399 0.094281305166
7.959519512181 0.094170167438
7.966882619963 0.094058704140
7.974245727745 0.093946749362
7.981608835526 0.093834289515
7.988971943308 0.093721371410
7.996335051090 0.093608012548
8.003698158872 0.093494306389
8.011061266654 0.093380348233
8.018424374436 0.093266182052
8.025787482218 0.093151845245
8.033150589999 0.093037362533
8.040513697781 0.092922660750
8.047876805563 0.092807703046
8.055239913345 0.092692461647
8.062603021127 0.092576879225
8.069966128909 0.092460960012
8.077329236691 0.092344728430
8.084692344472 0.092228203594
8.092055452254 0.092111413070
8.099418560036 0.091994392486
8.106781667818 0.091877120805
8.114144775600 0.091759581932
8.121507883382 0.091641760439
8.128870991163 0.091523662973
8.136234098945 0.091405303528
8.143597206727 0.091286704859
8.150960314509 0.091167844328
8.158323422291 0.091048676469
8.165686530073 0.090929191638
8.173049637855 0.090809421145
8.180412745636 0.090689322218
8.187775853418 0.090568929142
8.195138961200 0.090448283711
8.202502068982 0.090327449826
8.209865176764 0.090206447942
8.217228284546 0.090085218824
8.224591392328 0.089963695753
8.231954500109 0.089841872952
8.239317607891 0.089719736037
8.246680715673 0.089597244671
8.254043823455 0.089474416240
8.261406931237 0.089351267990
8.268770039019 0.089227840574
8.276133146800 0.089104216763
8.283496254582 0.088980417501
8.290859362364 0.088856368750
8.298222470146 0.088732040790
8.305585577928 0.088607492735
8.312948685710 0.088482657975
8.320311793492 0.088357733901
8.327674901273 0.088232835505
8.335038009055 0.088107943862
8.342401116837 0.087983099883
8.349764224619 0.087858328177
8.357127332401 0.087733468458
8.364490440183 0.087608521044
8.371853547965 0.087483519718
8.379216655746 0.087358519956
8.386579763528 0.087233560377
8.393942871310 0.087108648978
8.401305979092 0.086983745844
8.408669086874 0.086858781926
8.416032194656 0.086733736805
8.423395302437 0.086608671120
8.430758410219 0.086483629264
8.438121518001 0.086358682990
8.445484625783 0.086233890586
8.452847733565 0.086109156889
8.460210841347 0.085984401481
8.467573949129 0.085859431144
8.474937056910 0.085734289245
8.482300164692 0.085609013626
8.489663272474 0.085483649829
8.497026380256 0.085358288970
8.504389488038 0.085233026579
8.511752595820 0.085107896453
8.519115703602 0.084982785360
8.526478811383 0.084857582414
8.533841919165 0.084732394214
8.541205026947 0.084607279573
8.548568134729 0.084482301909
8.555931242511 0.084357544518
8.563294350293 0.084232887013
8.570657458075 0.084108186998
8.578020565856 0.083983459442
8.585383673638 0.083858657249
8.592746781420 0.083733734326
8.600109889202 0.083608787101
8.607472996984 0.083483990179
8.614836104766 0.083359374334
8.622199212547 0.083234882197
8.629562320329 0.083110482562
8.636925428111 0.082986164337
8.644288535893 0.082861948985
8.651651643675 0.082737845337
8.659014751457 0.082613862237
8.666377859239 0.082490067067
8.673740967020 0.082366422942
8.681104074802 0.082242867315
8.688467182584 0.082119411747
8.695830290366 0.081996041033
8.703193398148 0.081872767213
8.710556505930 0.081749521013
8.717919613712 0.081626337513
8.725282721493 0.081503255461
8.732645829275 0.081380296873
8.740008937057 0.081257538268
8.747372044839 0.081135043208
8.754735152621 0.081012853363
8.762098260403 0.080890917983
8.769461368184 0.080769167479
8.776824475966 0.080647541221
8.784187583748 0.080526055450
8.791550691530 0.080404761287
8.798913799312 0.080283696670
8.806276907094 0.080162934816
8.813640014876 0.080042546981
8.821003122657 0.079922602630
8.828366230439 0.079803115045
8.835729338221 0.079683986344
8.843092446003 0.079565182267
8.850455553785 0.079446724928
8.857818661567 0.079328616142
8.865181769349 0.079210792667
8.872544877130 0.079093185535
8.879907984912 0.078975814019
8.887271092694 0.078858743402
8.894634200476 0.078741990707
8.901997308258 0.078625535020
8.909360416040 0.078509361317
8.916723523821 0.078393497087
8.924086631603 0.078277976739
8.931449739385 0.078162804914
8.938812847167 0.078047983362
8.946175954949 0.077933463134
8.953539062731 0.077819304626
8.960902170513 0.077705548490
8.968265278294 0.077592163056
8.975628386076 0.077479067342
8.982991493858 0.077366277159
8.990354601640 0.077253765359
8.997717709422 0.077141485593
9.005080817204 0.077029508367
9.012443924986 0.076917888944
9.019807032767 0.076806612882
9.027170140549 0.076695705110
9.034533248331 0.076585170089
9.041896356113 0.076474997902
9.049259463895 0.076365200480
9.056622571677 0.076255752699
9.063985679459 0.076146639532
9.071348787240 0.076037879108
9.078711895022 0.075929458172
9.086075002804 0.075821329861
9.093438110586 0.075713461641
9.100801218368 0.075605812229
9.108164326150 0.075498368494
9.115527433931 0.075391119002
9.122890541713 0.075284066659
9.130253649495 0.075177217529
9.137616757277 0.075070589503
9.144979865059 0.074964200936
9.152342972841 0.074858080798
9.159706080623 0.074752204507
9.167069188404 0.074646518448
9.174432296186 0.074541003153
9.181795403968 0.074435659533
9.189158511750 0.074330467783
9.196521619532 0.074225438943
9.203884727314 0.074120602795
9.211247835096 0.074015939598
9.218610942877 0.073911433594
9.225974050659 0.073807094127
9.233337158441 0.073702923474
9.240700266223 0.073598903316
9.248063374005 0.073495038061
9.255426481787 0.073391348424
9.262789589568 0.073287834784
9.270152697350 0.073184511595
9.277515805132 0.073081402535
9.284878912914 0.072978519572
9.292242020696 0.072875862001
9.299605128478 0.072773421785
9.306968236260 0.072671158656
9.314331344041 0.072569048814
9.321694451823 0.072467102440
9.329057559605 0.072365326080
9.336420667387 0.072263727807
9.343783775169 0.072162310810
9.351146882951 0.072061079868
9.358509990733 0.071960048266
9.365873098514 0.071859235785
9.373236206296 0.071758660972
9.380599314078 0.071658323023
9.387962421860 0.071558206199
9.395325529642 0.071458311380
9.402688637424 0.071358642607
9.410051745205 0.071259183941
9.417414852987 0.071159932619
9.424777960769 0.071060902563
9.432141068551 0.070962109833
9.439504176333 0.070863566573
9.446867284115 0.070765279774
9.454230391897 0.070667248297
9.461593499678 0.070569464170
9.468956607460 0.070471924905
9.476319715242 0.070374631615
9.483682823024 0.070277585700
9.491045930806 0.070180789314
9.498409038588 0.070084250176
9.505772146370 0.069987984165
9.513135254151 0.069892002281
9.520498361933 0.069796302279
9.527861469715 0.069700875867
9.535224577497 0.069605718345
9.542587685279 0.069510831216
9.549950793061 0.069416223539
9.557313900843 0.069321908216
9.564677008624 0.069227882617
9.572040116406 0.069134145190
9.579403224188 0.069040696123
9.586766331970 0.068947531851
9.594129439752 0.068854645279
9.601492547534 0.068762028525
9.608855655315 0.068669683287
9.616218763097 0.068577618264
9.623581870879 0.068485845068
9.630944978661 0.068394371814
9.638308086443 0.068303197611
9.645671194225 0.068212318584
9.653034302007 0.068121742680
9.660397409788 0.068031468265
9.667760517570 0.067941487689
9.675123625352 0.067851791218
9.682486733134 0.067762364505
9.689849840916 0.067673197222
9.697212948698 0.067584287086
9.704576056480 0.067495635610
9.711939164261 0.067407243052
9.719302272043 0.067319124160
9.726665379825 0.067231281876
9.734028487607 0.067143709527
9.741391595389 0.067056400757
9.748754703171 0.066969348846
9.756117810952 0.066882546269
9.763480918734 0.066795990312
9.770844026516 0.066709681939
9.778207134298 0.066623623181
9.785570242080 0.066537819977
9.792933349862 0.066452275636
9.800296457644 0.066366996706
9.807659565425 0.066281968758
9.815022673207 0.066197175263
9.822385780989 0.066112607645
9.829748888771 0.066028269129
9.837111996553 0.065944168852
9.844475104335 0.065860314771
9.851838212117 0.065776712670
9.859201319898 0.065693360049
9.866564427680 0.065610250668
9.873927535462 0.065527381798
9.881290643244 0.065444759457
9.888653751026 0.065362392817
9.896016858808 0.065280279343
9.903379966590 0.065198410976
9.910743074371 0.065116774476
9.918106182153 0.065035362528
9.925469289935 0.064954176491
9.932832397717 0.064873220776
9.940195505499 0.064792500269
9.947558613281 0.064712015534
9.954921721062 0.064631751318
9.962284828844 0.064551697583
9.969647936626 0.064471856134
9.977011044408 0.064392231695
9.984374152190 0.064312830214
9.991737259972 0.064233653279
9.999100367754 0.064154695573
10.006463475535 0.064075952751
10.013826583317 0.063997501286
10.021189691099 0.063919351246
10.028552798881 0.063841508145
10.035915906663 0.063763977131
10.043279014445 0.063686755968
10.050642122227 0.063609836312
10.058005230008 0.063533208248
10.065368337790 0.063456866224
10.072731445572 0.063380806469
10.080094553354 0.063305025772
10.087457661136 0.063229516692
10.094820768918 0.063154270075
10.102183876699 0.063079286702
10.109546984481 0.063004572911
10.116910092263 0.062930135209
10.124273200045 0.062855978114
10.131636307827 0.062782102358
10.138999415609 0.062708505354
10.146362523391 0.062635183304
10.153725631172 0.062562130659
10.161088738954 0.062489336850
10.168451846736 0.062416790086
10.175814954518 0.062344483772
10.183178062300 0.062272412929
10.190541170082 0.062200575461
10.197904277864 0.062128970536
10.205267385645 0.062057596937
10.212630493427 0.061986451322
10.219993601209 0.061915527334
10.227356708991 0.061844819049
10.234719816773 0.061774320537
10.242082924555 0.061704023941
10.249446032336 0.061633927493
10.256809140118 0.061564034922
10.264172247900 0.061494348479
10.271535355682 0.061424868008
10.278898463464 0.061355593517
10.286261571246 0.061286525221
10.293624679028 0.061217662808
10.300987786809 0.061149005966
10.308350894591 0.061080552831
10.315714002373 0.061012300791
10.323077110155 0.060944248456
10.330440217937 0.060876394634
10.337803325719 0.060808737845
10.345166433501 0.060741274688
10.352529541282 0.060674000448
10.359892649064 0.060606911436
10.367255756846 0.060540005536
10.374618864628 0.060473282594
10.381981972410 0.060406744330
10.389345080192 0.060340392929
10.396708187974 0.060274229574
10.404071295755 0.060208253070
10.411434403537 0.060142459822
10.418797511319 0.060076845742
10.426160619101 0.060011407688
10.433523726883 0.059946142804
10.440886834665 0.059881047782
10.448249942446 0.059816118761
10.455613050228 0.059751351297
10.462976158010 0.059686740479
10.470339265792 0.059622281704
10.477702373574 0.059557972423
10.485065481356 0.059493812317
10.492428589138 0.059429800340
10.499791696919 0.059365934495
10.507154804701 0.059302213915
10.514517912483 0.059238639020
10.521881020265 0.059175211060
10.529244128047 0.059111931826
10.536607235829 0.059048802680
10.543970343611 0.058985823874
10.551333451392 0.058922994518
10.558696559174 0.058860312668
10.566059666956 0.058797775703
10.573422774738 0.058735380687
10.580785882520 0.058673124369
10.588148990302 0.058611003779
10.595512098083 0.058549016668
10.602875205865 0.058487160879
10.610238313647 0.058425434447
10.617601421429 0.058363836359
10.624964529211 0.058302365213
10.632327636993 0.058241018869
10.639690744775 0.058179795237
10.647053852556 0.058118692868
10.654416960338 0.058057710156
10.661780068120 0.057996844615
10.669143175902 0.057936093822
10.676506283684 0.057875456619
10.683869391466 0.057814932704
10.691232499248 0.057754521689
10.698595607029 0.057694222518
10.705958714811 0.057634033587
10.713321822593 0.057573953215
10.720684930375 0.057513979645
10.728048038157 0.057454110931
10.735411145939 0.057394345110
10.742774253720 0.057334680241
10.750137361502 0.057275114298
10.757500469284 0.057215645333
10.764863577066 0.057156271891
10.772226684848 0.057096992788
10.779589792630 0.057037806595
10.786952900412 0.056978711754
10.794316008193 0.056919707025
10.801679115975 0.056860791637
10.809042223757 0.056801964931
10.816405331539 0.056743225883
10.823768439321 0.056684573012
10.831131547103 0.056626004865
10.838494654885 0.056567520668
10.845857762666 0.056509120347
10.853220870448 0.056450804021
10.860583978230 0.056392571457
10.867947086012 0.056334421808
10.875310193794 0.056276353726
10.882673301576 0.056218365737
10.890036409358 0.056160456828
10.897399517139 0.056102626798
10.904762624921 0.056044876129
10.912125732703 0.055987205630
10.919488840485 0.055929616007
10.926851948267 0.055872107699
10.934215056049 0.055814680927
10.941578163830 0.055757335768
10.948941271612 0.055700072159
10.956304379394 0.055642889947
10.963667487176 0.055585789287
10.971030594958 0.055528770922
10.978393702740 0.055471835869
10.985756810522 0.055414985231
10.993119918303 0.055358220309
11.000483026085 0.055301542559
11.007846133867 0.055244953377
11.015209241649 0.055188453856
11.022572349431 0.055132044626
11.029935457213 0.055075726050
11.037298564995 0.055019498549
11.044661672776 0.054963362577
11.052024780558 0.054907318386
11.059387888340 0.054851365878
11.066750996122 0.054795504753
11.074114103904 0.054739734795
11.081477211686 0.054684056361
11.088840319467 0.054628470653
11.096203427249 0.054572979203
11.103566535031 0.054517583246
11.110929642813 0.054462283499
11.118292750595 0.054407080247
11.125655858377 0.054351973517
11.133018966159 0.054296963307
11.140382073940 0.054242049801
11.147745181722 0.054187233417
11.155108289504 0.054132514741
11.162471397286 0.054077894370
11.169834505068 0.054023372649
11.177197612850 0.053968949559
11.184560720632 0.053914624784
11.191923828413 0.053860397945
11.199286936195 0.053806268945
11.206650043977 0.053752238077
11.214013151759 0.053698305854
11.221376259541 0.053644472814
11.228739367323 0.053590739523
11.236102475104 0.053537106476
11.243465582886 0.053483573931
11.250828690668 0.053430141831
11.258191798450 0.053376809943
11.265554906232 0.053323578233
11.272918014014 0.053270446942
11.280281121796 0.053217416300
11.287644229577 0.053164486373
11.295007337359 0.053111657128
11.302370445141 0.053058928581
11.309733552923 0.053006300852
11.317096660705 0.052953774080
11.324459768487 0.052901348353
11.331822876269 0.052849023674
11.339185984050 0.052796800015
11.346549091832 0.052744677572
11.353912199614 0.052692657190
11.361275307396 0.052640740400
11.368638415178 0.052588928892
11.376001522960 0.052537224089
11.383364630742 0.052485627135
11.390727738523 0.052434138963
11.398090846305 0.052382760228
11.405453954087 0.052331491240
11.412817061869 0.052280331856
11.420180169651 0.052229281660
11.427543277433 0.052178340371
11.434906385214 0.052127508058
11.442269492996 0.052076785119
11.449632600778 0.052026172066
11.456995708560 0.051975669308
11.464358816342 0.051925277058
11.471721924124 0.051874995140
11.479085031906 0.051824823077
11.486448139687 0.051774760486
11.493811247469 0.051724807072
11.501174355251 0.051674962429
11.508537463033 0.051625225978
11.515900570815 0.051575597095
11.523263678597 0.051526075181
11.530626786379 0.051476659572
11.537989894160 0.051427349599
11.545353001942 0.051378144875
11.552716109724 0.051329045569
11.560079217506 0.051280052437
11.567442325288 0.051231166383
11.574805433070 0.051182388066
11.582168540851 0.051133717871
11.589531648633 0.051085155839
11.596894756415 0.051036701783
11.604257864197 0.050988355442
11.611620971979 0.050940116598
11.618984079761 0.050891985446
11.626347187543 0.050843962722
11.633710295324 0.050796049207
11.641073403106 0.050748245367
11.648436510888 0.050700551293
11.655799618670 0.050652966780
11.663162726452 0.050605491426
11.670525834234 0.050558124509
11.677888942016 0.050510865102
11.685252049797 0.050463712494
11.692615157579 0.050416666432
11.699978265361 0.050369726967
11.707341373143 0.050322894119
11.714704480925 0.050276167637
11.722067588707 0.050229546910
11.729430696488 0.050183030861
11.736793804270 0.050136617986
11.744156912052 0.050090306457
11.751520019834 0.050044094768
11.758883127616 0.049997982083
11.766246235398 0.049951967725
11.773609343180 0.049906050722
11.780972450961 0.049860229612
11.788335558743 0.049814502362
11.795698666525 0.049768866660
11.803061774307 0.049723320497
11.810424882089 0.049677862267
11.817787989871 0.049632490595
11.825151097653 0.049587204443
11.832514205434 0.049542003143
11.839877313216 0.049496886201
11.847240420998 0.049451853041
11.854603528780 0.049406902804
11.861966636562 0.049362034314
11.869329744344 0.049317246193
11.876692852126 0.049272537070
11.884055959907 0.049227905932
11.891419067689 0.049183352052
11.898782175471 0.049138874810
11.906145283253 0.049094473627
11.913508391035 0.049050147866
11.920871498817 0.049005896805
11.928234606598 0.048961719348
11.935597714380 0.048917613998
11.942960822162 0.048873579102
11.950323929944 0.048829613189
11.957687037726 0.048785714951
11.965050145508 0.048741883044
11.972413253290 0.048698116032
11.979776361071 0.048654412429
11.987139468853 0.048610770832
11.994502576635 0.048567189764
12.001865684417 0.048523667567
12.009228792199 0.048480202617
12.016591899981 0.048436793360
12.023955007763 0.048393438674
12.031318115544 0.048350138157
12.038681223326 0.048306891385
12.046044331108 0.048263697664
12.053407438890 0.048220556168
12.060770546672 0.048177466108
12.068133654454 0.048134426746
12.075496762235 0.048091437478
12.082859870017 0.048048497981
12.090222977799 0.048005608097
12.097586085581 0.047962767778
12.104949193363 0.047919976964
12.112312301145 0.047877235437
12.119675408927 0.047834542638
12.127038516708 0.047791897687
12.134401624490 0.047749299775
12.141764732272 0.047706748806
12.149127840054 0.047664245567
12.156490947836 0.047621791164
12.163854055618 0.047579386546
12.171217163400 0.047537032311
12.178580271181 0.047494728623
12.185943378963 0.047452475213
12.193306486745 0.047410271450
12.200669594527 0.047368116614
12.208032702309 0.047326010048
12.215395810091 0.047283951044
12.222758917872 0.047241939122
12.230122025654 0.047199974148
12.237485133436 0.047158056044
12.244848241218 0.047116184457
12.252211349000 0.047074358652
12.259574456782 0.047032577723
12.266937564564 0.046990840765
12.274300672345 0.046949146899
12.281663780127 0.046907495685
12.289026887909 0.046865887487
12.296389995691 0.046824322856
12.303753103473 0.046782801816
12.311116211255 0.046741323739
12.318479319037 0.046699887518
12.325842426818 0.046658492150
12.333205534600 0.046617137501
12.340568642382 0.046575824215
12.347931750164 0.046534553157
12.355294857946 0.046493325098
12.362657965728 0.046452140620
12.370021073510 0.046411000041
12.377384181291 0.046369903309
12.384747289073 0.046328849903
12.392110396855 0.046287838904
12.399473504637 0.046246869857
12.406836612419 0.046205943111
12.414199720201 0.046165059283
12.421562827982 0.046124218948
12.428925935764 0.046083422564
12.436289043546 0.046042670432
12.443652151328 0.046001962643
12.451015259110 0.045961299072
12.458378366892 0.045920679432
12.465741474674 0.045880103440
12.473104582455 0.045839571074
12.480467690237 0.045799082629
12.487830798019 0.045758638580
12.495193905801 0.045718239380
12.502557013583 0.045677885331
12.509920121365 0.045637576430
12.517283229147 0.045597312256
12.524646336928 0.045557092311
12.532009444710 0.045516916430
12.539372552492 0.045476784934
12.546735660274 0.045436698405
12.554098768056 0.045396657351
12.561461875838 0.045356662103
12.568824983619 0.045316712828
12.576188091401 0.045276809526
12.583551199183 0.045236952050
12.590914306965 0.045197140213
12.598277414747 0.045157373910
12.605640522529 0.045117653120
12.613003630311 0.045077977787
12.620366738092 0.045038347744
12.627729845874 0.044998762761
12.635092953656 0.044959222631
12.642456061438 0.044919727388
12.649819169220 0.044880277162
12.657182277002 0.044840872101
12.664545384784 0.044801512396
12.671908492565 0.044762198255
12.679271600347 0.044722929838
12.686634708129 0.044683707254
12.693997815911 0.044644530601
12.701360923693 0.044605400005
12.708724031475 0.044566315595
12.716087139257 0.044527277504
12.723450247038 0.044488285889
12.730813354820 0.044449340923
12.738176462602 0.044410442766
12.745539570384 0.044371591532
12.752902678166 0.044332787270
12.760265785948 0.044294029962
12.767628893729 0.044255319625
12.774992001511 0.044216656370
12.782355109293 0.044178040311
12.789718217075 0.044139471483
12.797081324857 0.044100949832
12.804444432639 0.044062475200
12.811807540421 0.044024047311
12.819170648202 0.043985665780
12.826533755984 0.043947330166
12.833896863766 0.043909040047
12.841259971548 0.043870795090
12.848623079330 0.043832595066
12.855986187112 0.043794439793
12.863349294894 0.043756329067
12.870712402675 0.043718262660
12.878075510457 0.043680240384
12.885438618239 0.043642262044
12.892801726021 0.043604327418
12.900164833803 0.043566436330
12.907527941585 0.043528588698
12.914891049366 0.043490784525
12.922254157148 0.043453023881
12.929617264930 0.043415306915
12.936980372712 0.043377633845
12.944343480494 0.043340004931
12.951706588276 0.043302420407
12.959069696058 0.043264880430
12.966432803839 0.043227385066
12.973795911621 0.043189934296
12.981159019403 0.043152528007
12.988522127185 0.043115166012
12.995885234967 0.043077848050
13.003248342749 0.043040573788
13.010611450531 0.043003342838
13.017974558312 0.042966154768
13.025337666094 0.042929009130
13.032700773876 0.042891905462
13.040063881658 0.042854843299
13.047426989440 0.042817822211
13.054790097222 0.042780841858
13.062153205003 0.042743901944
13.069516312785 0.042707002131
13.076879420567 0.042670142087
13.084242528349 0.042633321584
13.091605636131 0.042596540480
13.098968743913 0.042559798657
13.106331851695 0.042523095994
13.113694959476 0.042486432363
13.121058067258 0.042449807603
13.128421175040 0.042413221464
13.135784282822 0.042376673581
13.143147390604 0.042340163514
13.150510498386 0.042303690837
13.157873606168 0.042267255214
13.165236713949 0.042230856433
13.172599821731 0.042194494386
13.179962929513 0.042158169006
13.187326037295 0.042121880212
13.194689145077 0.042085627911
13.202052252859 0.042049412037
13.209415360641 0.042013232545
13.216778468422 0.041977089395
13.224141576204 0.041940982541
13.231504683986 0.041904911905
13.238867791768 0.041868877357
13.246230899550 0.041832878727
13.253594007332 0.041796915836
13.260957115113 0.041760988555
13.268320222895 0.041725096848
13.275683330677 0.041689240767
13.283046438459 0.041653420466
13.290409546241 0.041617636157
13.297772654023 0.041581887875
13.305135761805 0.041546175603
13.312498869586 0.041510499433
13.319861977368 0.041474859445
13.327225085150 0.041439255672
13.334588192932 0.041403688071
13.341951300714 0.041368156537
13.349314408496 0.041332660921
13.356677516278 0.041297201073
13.364040624059 0.041261776959
13.371403731841 0.041226388728
13.378766839623 0.041191036633
13.386129947405 0.041155720928
13.393493055187 0.041120441827
13.400856162969 0.041085199534
13.408219270750 0.041049994277
13.415582378532 0.041014826321
13.422945486314 0.040979695925
13.430308594096 0.040944603230
13.437671701878 0.040909548316
13.445034809660 0.040874531350
13.452397917442 0.040839552568
13.459761025223 0.040804612159
13.467124133005 0.040769710267
13.474487240787 0.040734847039
13.481850348569 0.040700022645
13.489213456351 0.040665237284
13.496576564133 0.040630491179
13.503939671915 0.040595784574
13.511302779696 0.040561117730
13.518665887478 0.040526490926
13.526028995260 0.040491904457
13.533392103042 0.040457358617
13.540755210824 0.040422853699
13.548118318606 0.040388389979
13.555481426387 0.040353967707
13.562844534169 0.040319587090
13.570207641951 0.040285248287
13.577570749733 0.040250951406
13.584933857515 0.040216696524
13.592296965297 0.040182483721
13.599660073079 0.040148313121
13.607023180860 0.040114184903
13.614386288642 0.040080099296
13.621749396424 0.040046056545
13.629112504206 0.040012056884
13.636475611988 0.039978100517
13.643838719770 0.039944187610
13.651201827552 0.039910318310
13.658564935333 0.039876492760
13.665928043115 0.039842711105
13.673291150897 0.039808973499
13.680654258679 0.039775280107
13.688017366461 0.039741631116
13.695380474243 0.039708026722
13.702743582025 0.039674467108
13.710106689806 0.039640952410
13.717469797588 0.039607482704
13.724832905370 0.039574058020
13.732196013152 0.039540678375
13.739559120934 0.039507343792
13.746922228716 0.039474054329
13.754285336497 0.039440810098
13.761648444279 0.039407611266
13.769011552061 0.039374458026
13.776374659843 0.039341350567
13.783737767625 0.039308289058
13.791100875407 0.039275273676
13.798463983189 0.039242304637
13.805827090970 0.039209382175
13.813190198752 0.039176506513
13.820553306534 0.039143677821
13.827916414316 0.039110896203
13.835279522098 0.039078161691
13.842642629880 0.039045474258
13.850005737662 0.039012833828
13.857368845443 0.038980240278
13.864731953225 0.038947693443
13.872095061007 0.038915193113
13.879458168789 0.038882739043
13.886821276571 0.038850330970
13.894184384353 0.038817968647
13.901547492134 0.038785651868
13.908910599916 0.038753380484
13.916273707698 0.038721154403
13.923636815480 0.038688973572
13.930999923262 0.038656837964
13.938363031044 0.038624747561
13.945726138826 0.038592702343
13.953089246607 0.038560702291
13.960452354389 0.038528747387
13.967815462171 0.038496837615
13.975178569953 0.038464972955
13.982541677735 0.038433153375
13.989904785517 0.038401378834
13.997267893299 0.038369649276
14.004631001080 0.038337964635
14.011994108862 0.038306324844
14.019357216644 0.038274729849
14.026720324426 0.038243179629
14.034083432208 0.038211674210
14.041446539990 0.038180213636
14.048809647771 0.038148797942
14.056172755553 0.038117427129
14.063535863335 0.038086101174
14.070898971117 0.038054820056
14.078262078899 0.038023583771
14.085625186681 0.037992392336
14.092988294463 0.037961245779
14.100351402244 0.037930144130
14.107714510026 0.037899087400
14.115077617808 0.037868075573
14.122440725590 0.037837108599
14.129803833372 0.037806186404
14.137166941154 0.037775308912
14.144530048936 0.037744476062
14.151893156717 0.037713687809
14.159256264499 0.037682944118
14.166619372281 0.037652244942
14.173982480063 0.037621590202
14.181345587845 0.037590979786
14.188708695627 0.037560413578
14.196071803409 0.037529891489
14.203434911190 0.037499413474
14.210798018972 0.037468979530
14.218161126754 0.037438589679
14.225524234536 0.037408243953
14.232887342318 0.037377942388
14.240250450100 0.037347685029
14.247613557881 0.037317471924
14.254976665663 0.037287303123
14.262339773445 0.037257178667
14.269702881227 0.037227098580
14.277065989009 0.037197062866
14.284429096791 0.037167071509
14.291792204573 0.037137124464
14.299155312354 0.037107221659
14.306518420136 0.037077362988
14.313881527918 0.037047548310
14.321244635700 0.037017777468
14.328607743482 0.036988050300
14.335970851264 0.036958366646
14.343333959046 0.036928726348
14.350697066827 0.036899129241
14.358060174609 0.036869575164
14.365423282391 0.036840063960
14.372786390173 0.036810595495
14.380149497955 0.036781169684
14.387512605737 0.036751786532
14.394875713518 0.036722446096
14.402238821300 0.036693148434
14.409601929082 0.036663893582
14.416965036864 0.036634681551
14.424328144646 0.036605512339
14.431691252428 0.036576385939
14.439054360210 0.036547302328
14.446417467991 0.036518261462
14.453780575773 0.036489263254
14.461143683555 0.036460307586
14.468506791337 0.036431394321
14.475869899119 0.036402523325
14.483233006901 0.036373694480
14.490596114683 0.036344907682
14.497959222464 0.036316162826
14.505322330246 0.036287459789
14.512685438028 0.036258798411
14.520048545810 0.036230178493
14.527411653592 0.036201599799
14.534774761374 0.036173062090
14.542137869155 0.036144565147
14.549500976937 0.036116108790
14.556864084719 0.036087692865
14.564227192501 0.036059317234
14.571590300283 0.036030981764
14.578953408065 0.036002686322
14.586316515847 0.035974430774
14.593679623628 0.035946214989
14.601042731410 0.035918038836
14.608405839192 0.035889902189
14.615768946974 0.035861804923
14.623132054756 0.035833746902
14.630495162538 0.035805727975
14.637858270320 0.035777747953
14.645221378101 0.035749806608
14.652584485883 0.035721903664
14.659947593665 0.035694038811
14.667310701447 0.035666211711
14.674673809229 0.035638422000
14.682036917011 0.035610669291
14.689400024793 0.035582953171
14.696763132574 0.035555273213
14.704126240356 0.035527628994
14.711489348138 0.035500020141
14.718852455920 0.035472446370
14.726215563702 0.035444907519
14.733578671484 0.035417403538
14.740941779265 0.035389934447
14.748304887047 0.035362500275
14.755667994829 0.035335101016
14.763031102611 0.035307736609
14.770394210393 0.035280406938
14.777757318175 0.035253111855
14.785120425957 0.035225851211
14.792483533738 0.035198624878
14.799846641520 0.035171432742
14.807209749302 0.035144274680
14.814572857084 0.035117150529
14.821935964866 0.035090060079
14.829299072648 0.035063003073
14.836662180430 0.035035979242
14.844025288211 0.035008988351
14.851388395993 0.034982030249
14.858751503775 0.034955104898
14.866114611557 0.034928212350
14.873477719339 0.034901352695
14.880840827121 0.034874526005
14.888203934902 0.034847732304
14.895567042684 0.034820971568
14.902930150466 0.034794243751
14.910293258248 0.034767548795
14.917656366030 0.034740886633
14.925019473812 0.034714257199
14.932382581594 0.034687660436
14.939745689375 0.034661096309
14.947108797157 0.034634564807
14.954471904939 0.034608065925
14.961835012721 0.034581599658
14.969198120503 0.034555165980
14.976561228285 0.034528764836
14.983924336067 0.034502396135
14.991287443848 0.034476059756
14.998650551630 0.034449755554
15.006013659412 0.034423483390
15.013376767194 0.034397243157
15.020739874976 0.034371034802
15.028102982758 0.034344858324
15.035466090539 0.034318713759
15.042829198321 0.034292601131
15.050192306103 0.034266520420
15.057555413885 0.034240471524
15.064918521667 0.034214454233
15.072281629449 0.034188468232
15.079644737231 0.034162513112
15.087007845012 0.034136588412
15.094370952794 0.034110693674
15.101734060576 0.034084828506
15.109097168358 0.034058992648
15.116460276140 0.034033185999
15.123823383922 0.034007408600
15.131186491704 0.033981660586
15.138549599485 0.033955942126
15.145912707267 0.033930253389
15.153275815049 0.033904594527
15.160638922831 0.033878965669
15.168002030613 0.033853366921
15.175365138395 0.033827798368
15.182728246177 0.033802260065
15.190091353958 0.033776752031
15.197454461740 0.033751274245
15.204817569522 0.033725826643
15.212180677304 0.033700409095
15.219543785086 0.033675021386
15.226906892868 0.033649663216
15.234270000649 0.033624334267
15.241633108431 0.033599034276
15.248996216213 0.033573763041
15.256359323995 0.033548520414
15.263722431777 0.033523306305
15.271085539559 0.033498120692
15.278448647341 0.033472963601
15.285811755122 0.033447835066
15.293174862904 0.033422735097
15.300537970686 0.033397663661
15.307901078468 0.033372620682
15.315264186250 0.033347606060
15.322627294032 0.033322619698
15.329990401814 0.033297661521
15.337353509595 0.033272731484
15.344716617377 0.033247829558
15.352079725159 0.033222955724
15.359442832941 0.033198109959
15.366805940723 0.033173292233
15.374169048505 0.033148502507
15.381532156286 0.033123740735
15.388895264068 0.033099006878
15.396258371850 0.033074300925
15.403621479632 0.033049622907
15.410984587414 0.033024972910
15.418347695196 0.033000351043
15.425710802978 0.032975757420
15.433073910759 0.032951192127
15.440437018541 0.032926655222
15.447800126323 0.032902146732
15.455163234105 0.032877666683
15.462526341887 0.032853215110
15.469889449669 0.032828792047
15.477252557451 0.032804397502
15.484615665232 0.032780031432
15.491978773014 0.032755693737
15.499341880796 0.032731384281
15.506704988578 0.032707102931
15.514068096360 0.032682849612
15.521431204142 0.032658624351
15.528794311924 0.032634427304
15.536157419705 0.032610258739
15.543520527487 0.032586119000
15.550883635269 0.032562008458
15.558246743051 0.032537927453
15.565609850833 0.032513876255
15.572972958615 0.032489855060
15.580336066396 0.032465864023
15.587699174178 0.032441903300
15.595062281960 0.032417973059
15.602425389742 0.032394073488
15.609788497524 0.032370204788
15.617151605306 0.032346367159
15.624514713088 0.032322560796
15.631877820869 0.032298785874
15.639240928651 0.032275042542
15.646604036433 0.032251330933
15.653967144215 0.032227651156
15.661330251997 0.032204003299
15.668693359779 0.032180387423
15.676056467561 0.032156803550
15.683419575342 0.032133251672
15.690782683124 0.032109731744
15.698145790906 0.032086243701
15.705508898688 0.032062787476
15.712872006470 0.032039363023
15.720235114252 0.032015970327
15.727598222033 0.031992609400
15.734961329815 0.031969280282
15.742324437597 0.031945983038
15.749687545379 0.031922717757
15.757050653161 0.031899484539
15.764413760943 0.031876283489
15.771776868725 0.031853114716
15.779139976506 0.031829978332
15.786503084288 0.031806874432
15.793866192070 0.031783803090
15.801229299852 0.031760764347
15.808592407634 0.031737758216
15.815955515416 0.031714784702
15.823318623198 0.031691843827
15.830681730979 0.031668935665
15.838044838761 0.031646060341
15.845407946543 0.031623218019
15.852771054325 0.031600408858
15.860134162107 0.031577632987
15.867497269889 0.031554890486
15.874860377670 0.031532181377
15.882223485452 0.031509505630
15.889586593234 0.031486863183
15.896949701016 0.031464253947
15.904312808798 0.031441677820
15.911675916580 0.031419134695
15.919039024362 0.031396624466
15.926402132143 0.031374147025
15.933765239925 0.031351702260
15.941128347707 0.031329290051
15.948491455489 0.031306910262
15.955854563271 0.031284562735
15.963217671053 0.031262247281
15.970580778835 0.031239963699
15.977943886616 0.031217711818
15.985306994398 0.031195491546
15.992670102180 0.031173302882
16.000033209962 0.031151145871
16.007396317744 0.031129020565
16.014759425526 0.031106926992
16.022122533308 0.031084865136
16.029485641089 0.031062834942
16.036848748871 0.031040836318
16.044211856653 0.031018869149
16.051574964435 0.030996933308
16.058938072217 0.030975028677
16.066301179999 0.030953155169
16.073664287780 0.030931312741
16.081027395562 0.030909501391
16.088390503344 0.030887721140
16.095753611126 0.030865972011
16.103116718908 0.030844254024
16.110479826690 0.030822567176
16.117842934472 0.030800911441
16.125206042253 0.030779286756
16.132569150035 0.030757693024
16.139932257817 0.030736130120
16.147295365599 0.030714597890
16.154658473381 0.030693096157
16.162021581163 0.030671624730
16.169384688945 0.030650183416
16.176747796726 0.030628772013
16.184110904508 0.030607390318
16.191474012290 0.030586038134
16.198837120072 0.030564715268
16.206200227854 0.030543421539
16.213563335636 0.030522156786
16.220926443418 0.030500920880
16.228289551199 0.030479713724
16.235652658981 0.030458535238
16.243015766763 0.030437385351
16.250378874545 0.030416264003
16.257741982327 0.030395171135
16.265105090109 0.030374106685
16.272468197890 0.030353070588
16.279831305672 0.030332062781
16.287194413454 0.030311083210
16.294557521236 0.030290131827
16.301920629018 0.030269208589
16.309283736800 0.030248313445
16.316646844582 0.030227446326
16.324009952363 0.030206607159
16.331373060145 0.030185795868
16.338736167927 0.030165012393
16.346099275709 0.030144256680
16.353462383491 0.030123528678
16.360825491273 0.030102828333
16.368188599055 0.030082155594
16.375551706836 0.030061510418
16.382914814618 0.030040892768
16.390277922400 0.030020302614
16.397641030182 0.029999739913
16.405004137964 0.029979204605
16.412367245746 0.029958696600
16.419730353528 0.029938215784
16.427093461309 0.029917762024
16.434456569091 0.029897335175
16.441819676873 0.029876935085
16.449182784655 0.029856561606
16.456545892437 0.029836214611
16.463909000219 0.029815893999
16.471272108001 0.029795599698
16.478635215782 0.029775331665
16.485998323564 0.029755089871
16.493361431346 0.029734874289
16.500724539128 0.029714684896
16.508087646910 0.029694521661
16.515450754692 0.029674384550
16.522813862473 0.029654273519
16.530176970255 0.029634188515
16.537540078037 0.029614129477
16.544903185819 0.029594096341
16.552266293601 0.029574089046
16.559629401383 0.029554107546
16.566992509165 0.029534151812
16.574355616946 0.029514221832
16.581718724728 0.029494317608
16.589081832510 0.029474439157
16.596444940292 0.029454586507
16.603808048074 0.029434759687
16.611171155856 0.029414958721
16.618534263638 0.029395183602
16.625897371419 0.029375434299
16.633260479201 0.029355710755
16.640623586983 0.029336012892
16.647986694765 0.029316340620
16.655349802547 0.029296693837
16.662712910329 0.029277072435
16.670076018111 0.029257476308
16.677439125892 0.029237905350
16.684802233674 0.029218359458
16.692165341456 0.029198838528
16.699528449238 0.029179342460
16.706891557020 0.029159871152
16.714254664802 0.029140424503
16.721617772584 0.029121002408
16.728980880365 0.029101604757
16.736343988147 0.029082231436
16.743707095929 0.029062882333
16.751070203711 0.029043557336
16.758433311493 0.029024256332
16.765796419275 0.029004979217
16.773159527056 0.028985725895
16.780522634838 0.028966496291
16.787885742620 0.028947290351
16.795248850402 0.028928108044
16.802611958184 0.028908949354
16.809975065966 0.028889814278
16.817338173748 0.028870702809
16.824701281529 0.028851614927
16.832064389311 0.028832550596
16.839427497093 0.028813509758
16.846790604875 0.028794492339
16.854153712657 0.028775498245
16.861516820439 0.028756527364
16.868879928221 0.028737579572
16.876243036002 0.028718654753
16.883606143784 0.028699752798
16.890969251566 0.028680873607
16.898332359348 0.028662017084
16.905695467130 0.028643183130
16.913058574912 0.028624371638
16.920421682694 0.028605582500
16.927784790475 0.028586815609
16.935147898257 0.028568070859
16.942511006039 0.028549348146
16.949874113821 0.028530647369
16.957237221603 0.028511968426
16.964600329385 0.028493311213
16.971963437166 0.028474675624
16.979326544948 0.028456061553
16.986689652730 0.028437468901
16.994052760512 0.028418897576
17.001415868294 0.028400347493
17.008778976076 0.028381818580
17.016142083858 0.028363310769
17.023505191639 0.028344823995
17.030868299421 0.028326358190
17.038231407203 0.028307913279
17.045594514985 0.028289489181
17.052957622767 0.028271085813
17.060320730549 0.028252703086
17.067683838331 0.028234340907
17.075046946112 0.028215999188
17.082410053894 0.028197677845
17.089773161676 0.028179376810
17.097136269458 0.028161096017
17.104499377240 0.028142835404
17.111862485022 0.028124594897
17.119225592804 0.028106374411
17.126588700585 0.028088173851
17.133951808367 0.028069993114
17.141314916149 0.028051832084
17.148678023931 0.028033690646
17.156041131713 0.028015568678
17.163404239495 0.027997466061
17.170767347277 0.027979382675
17.178130455058 0.027961318402
17.185493562840 0.027943273133
17.192856670622 0.027925246773
17.200219778404 0.027907239244
17.207582886186 0.027889250485
17.214945993968 0.027871280450
17.222309101749 0.027853329103
17.229672209531 0.027835396413
17.237035317313 0.027817482346
17.244398425095 0.027799586859
17.251761532877 0.027781709906
17.259124640659 0.027763851430
17.266487748441 0.027746011373
17.273850856222 0.027728189678
17.281213964004 0.027710386287
17.288577071786 0.027692601151
17.295940179568 0.027674834230
17.303303287350 0.027657085492
17.310666395132 0.027639354910
17.318029502914 0.027621642464
17.325392610695 0.027603948135
17.332755718477 0.027586271910
17.340118826259 0.027568613771
17.347481934041 0.027550973695
17.354845041823 0.027533351647
17.362208149605 0.027515747577
17.369571257387 0.027498161418
17.376934365168 0.027480593091
17.384297472950 0.027463042512
17.391660580732 0.027445509601
17.399023688514 0.027427994302
17.406386796296 0.027410496579
17.413749904078 0.027393016418
17.421113011859 0.027375553823
17.428476119641 0.027358108802
17.435839227423 0.027340681366
17.443202335205 0.027323271515
17.450565442987 0.027305879242
17.457928550769 0.027288504536
17.465291658551 0.027271147378
17.472654766332 0.027253807750
17.480017874114 0.027236485629
17.487380981896 0.027219180989
17.494744089678 0.027201893809
17.502107197460 0.027184624070
17.509470305242 0.027167371762
17.516833413024 0.027150136883
17.524196520805 0.027132919446
17.531559628587 0.027115719477
17.538922736369 0.027098537011
17.546285844151 0.027081372093
17.553648951933 0.027064224769
17.561012059715 0.027047095083
17.568375167497 0.027029983073
17.575738275278 0.027012888769
17.583101383060 0.026995812186
17.590464490842 0.026978753328
17.597827598624 0.026961712190
17.605190706406 0.026944688758
17.612553814188 0.026927683015
17.619916921970 0.026910694943
17.627280029751 0.026893724522
17.634643137533 0.026876771744
17.642006245315 0.026859836605
17.649369353097 0.026842919113
17.656732460879 0.026826019286
17.664095568661 0.026809137154
17.671458676442 0.026792272754
17.678821784224 0.026775426125
17.686184892006 0.026758597304
17.693547999788 0.026741786325
17.700911107570 0.026724993214
17.708274215352 0.026708217995
17.715637323134 0.026691460692
17.723000430915 0.026674721328
17.730363538697 0.026657999926
17.737726646479 0.026641296507
17.745089754261 0.026624611091
17.752452862043 0.026607943701
17.759815969825 0.026591294365
17.767179077607 0.026574663121
17.774542185388 0.026558050017
17.781905293170 0.026541455103
17.789268400952 0.026524878430
17.796631508734 0.026508320042
17.803994616516 0.026491779977
17.811357724298 0.026475258261
17.818720832080 0.026458754909
17.826083939861 0.026442269925
17.833447047643 0.026425803306
17.840810155425 0.026409355046
17.848173263207 0.026392925131
17.855536370989 0.026376513549
17.862899478771 0.026360120288
17.870262586553 0.026343745336
17.877625694334 0.026327388687
17.884988802116 0.026311050340
17.892351909898 0.026294730297
17.899715017680 0.026278428565
17.907078125462 0.026262145158
17.914441233244 0.026245880095
17.921804341025 0.026229633403
17.929167448807 0.026213405113
17.936530556589 0.026197195260
17.943893664371 0.026181003879
17.951256772153 0.026164831005
17.958619879935 0.026148676663
17.965982987717 0.026132540874
17.973346095498 0.026116423655
17.980709203280 0.026100325020
17.988072311062 0.026084244981
17.995435418844 0.026068183547
18.002798526626 0.026052140731
18.010161634408 0.026036116543
18.017524742190 0.026020111000
18.024887849971 0.026004124123
18.032250957753 0.025988155936
18.039614065535 0.025972206471
18.046977173317 0.025956275763
18.054340281099 0.025940363851
18.061703388881 0.025924470777
18.069066496663 0.025908596582
18.076429604444 0.025892741304
18.083792712226 0.025876904978
18.091155820008 0.025861087633
18.098518927790 0.025845289290
18.105882035572 0.025829509963
18.113245143354 0.025813749662
18.120608251135 0.025798008390
18.127971358917 0.025782286149
18.135334466699 0.025766582934
18.142697574481 0.025750898738
18.150060682263 0.025735233556
18.157423790045 0.025719587382
18.164786897827 0.025703960218
18.172150005608 0.025688352070
18.179513113390 0.025672762952
18.186876221172 0.025657192884
18.194239328954 0.025641641886
18.201602436736 0.025626109976
18.208965544518 0.025610597165
18.216328652300 0.025595103457
18.223691760081 0.025579628844
18.231054867863 0.025564173319
18.238417975645 0.025548736870
18.245781083427 0.025533319486
18.253144191209 0.025517921158
18.260507298991 0.025502541880
18.267870406773 0.025487181646
18.275233514554 0.025471840454
18.282596622336 0.025456518302
18.289959730118 0.025441215194
18.297322837900 0.025425931138
18.304685945682 0.025410666147
18.312049053464 0.025395420238
18.319412161246 0.025380193435
18.326775269027 0.025364985763
18.334138376809 0.025349797248
18.341501484591 0.025334627912
18.348864592373 0.025319477767
18.356227700155 0.025304346818
18.363590807937 0.025289235056
18.370953915718 0.025274142463
18.378317023500 0.025259069012
18.385680131282 0.025244014674
18.393043239064 0.025228979418
18.400406346846 0.025213963216
18.407769454628 0.025198966039
18.415132562410 0.025183987860
18.422495670191 0.025169028653
18.429858777973 0.025154088393
18.437221885755 0.025139167055
18.444584993537 0.025124264614
18.451948101319 0.025109381049
18.459311209101 0.025094516337
18.466674316883 0.025079670460
18.474037424664 0.025064843399
18.481400532446 0.025050035140
18.488763640228 0.025035245667
18.496126748010 0.025020474966
18.503489855792 0.025005723022
18.510852963574 0.024990989819
18.518216071356 0.024976275339
18.525579179137 0.024961579565
18.532942286919 0.024946902479
18.540305394701 0.024932244065
18.547668502483 0.024917604308
18.555031610265 0.024902983196
18.562394718047 0.024888380722
18.569757825828 0.024873796881
18.577120933610 0.024859231675
18.584484041392 0.024844685106
18.591847149174 0.024830157174
18.599210256956 0.024815647878
18.606573364738 0.024801157208
18.613936472520 0.024786685154
18.621299580301 0.024772231697
18.628662688083 0.024757796820
18.636025795865 0.024743380507
18.643388903647 0.024728982741
18.650752011429 0.024714603512
18.658115119211 0.024700242817
18.665478226993 0.024685900656
18.672841334774 0.024671577031
18.680204442556 0.024657271944
18.687567550338 0.024642985399
18.694930658120 0.024628717396
18.702293765902 0.024614467933
18.709656873684 0.024600237008
18.717019981466 0.024586024623
18.724383089247 0.024571830788
18.731746197029 0.024557655514
18.739109304811 0.024543498815
18.746472412593 0.024529360697
18.753835520375 0.024515241155
18.761198628157 0.024501140172
18.768561735939 0.024487057722
18.775924843720 0.024472993774
18.783287951502 0.024458948303
18.790651059284 0.024444921291
18.798014167066 0.024430912739
18.805377274848 0.024416922660
18.812740382630 0.024402951078
18.820103490411 0.024388998014
18.827466598193 0.024375063481
18.834829705975 0.024361147479
18.842192813757 0.024347249995
18.849555921539 0.024333371009
18.856919029321 0.024319510499
18.864282137103 0.024305668446
18.871645244884 0.024291844837
18.879008352666 0.024278039664
18.886371460448 0.024264252926
18.893734568230 0.024250484618
18.901097676012 0.024236734727
18.908460783794 0.024223003227
18.915823891576 0.024209290076
18.923186999357 0.024195595227
18.930550107139 0.024181918624
18.937913214921 0.024168260223
18.945276322703 0.024154619988
18.952639430485 0.024140997894
18.960002538267 0.024127393922
18.967365646049 0.024113808055
18.974728753830 0.024100240272
18.982091861612 0.024086690545
18.989454969394 0.024073158843
18.996818077176 0.024059645129
19.004181184958 0.024046149371
19.011544292740 0.024032671543
19.018907400522 0.024019211629
19.026270508303 0.024005769623
19.033633616085 0.023992345530
19.040996723867 0.023978939358
19.048359831649 0.023965551109
19.055722939431 0.023952180777
19.063086047213 0.023938828336
19.070449154994 0.023925493751
19.077812262776 0.023912176975
19.085175370558 0.023898877967
19.092538478340 0.023885596695
19.099901586122 0.023872333138
19.107264693904 0.023859087281
19.114627801686 0.023845859109
19.121990909467 0.023832648600
19.129354017249 0.023819455727
19.136717125031 0.023806280455
19.144080232813 0.023793122737
19.151443340595 0.023779982518
19.158806448377 0.023766859739
19.166169556159 0.023753754336
19.173532663940 0.023740666249
19.180895771722 0.023727595428
19.188258879504 0.023714541835
19.195621987286 0.023701505443
19.202985095068 0.023688486213
19.210348202850 0.023675484094
19.217711310632 0.023662499022
19.225074418413 0.023649530926
19.232437526195 0.023636579739
19.239800633977 0.023623645402
19.247163741759 0.023610727877
19.254526849541 0.023597827140
19.261889957323 0.023584943177
19.269253065104 0.023572075978
19.276616172886 0.023559225532
19.283979280668 0.023546391826
19.291342388450 0.023533574845
19.298705496232 0.023520774573
19.306068604014 0.023507990989
19.313431711796 0.023495224068
19.320794819577 0.023482473788
19.328157927359 0.023469740131
19.335521035141 0.023457023087
19.342884142923 0.023444322654
19.350247250705 0.023431638827
19.357610358487 0.023418971593
19.364973466269 0.023406320924
19.372336574050 0.023393686783
19.379699681832 0.023381069126
19.387062789614 0.023368467920
19.394425897396 0.023355883145
19.401789005178 0.023343314799
19.409152112960 0.023330762889
19.416515220742 0.023318227421
19.423878328523 0.023305708391
19.431241436305 0.023293205782
19.438604544087 0.023280719570
19.445967651869 0.023268249722
19.453330759651 0.023255796196
19.460693867433 0.023243358940
19.468056975215 0.023230937899
19.475420082996 0.023218533016
19.482783190778 0.023206144236
19.490146298560 0.023193771506
19.497509406342 0.023181414778
19.504872514124 0.023169074000
19.512235621906 0.023156749114
19.519598729687 0.023144440051
19.526961837469 0.023132146737
19.534324945251 0.023119869104
19.541688053033 0.023107607107
19.549051160815 0.023095360724
19.556414268597 0.023083129957
19.563777376379 0.023070914810
19.571140484160 0.023058715280
19.578503591942 0.023046531354
19.585866699724 0.023034363011
19.593229807506 0.023022210217
19.600592915288 0.023010072925
19.607956023070 0.022997951084
19.615319130852 0.022985844642
19.622682238633 0.022973753544
19.630045346415 0.022961677737
19.637408454197 0.022949617171
19.644771561979 0.022937571800
19.652134669761 0.022925541577
19.659497777543 0.022913526447
19.666860885325 0.022901526342
19.674223993106 0.022889541184
19.681587100888 0.022877570889
19.688950208670 0.022865615381
19.696313316452 0.022853674603
19.703676424234 0.022841748526
19.711039532016 0.022829837140
19.718402639797 0.022817940443
19.725765747579 0.022806058425
19.733128855361 0.022794191069
19.740491963143 0.022782338344
19.747855070925 0.022770500212
19.755218178707 0.022758676627
19.762581286489 0.022746867538
19.769944394270 0.022735072891
19.777307502052 0.022723292635
19.784670609834 0.022711526720
19.792033717616 0.022699775103
19.799396825398 0.022688037739
19.806759933180 0.022676314579
19.814123040962 0.022664605570
19.821486148743 0.022652910652
19.828849256525 0.022641229763
19.836212364307 0.022629562851
19.843575472089 0.022617909872
19.850938579871 0.022606270794
19.858301687653 0.022594645597
19.865664795435 0.022583034265
19.873027903216 0.022571436789
19.880391010998 0.022559853151
19.887754118780 0.022548283330
19.895117226562 0.022536727294
19.902480334344 0.022525185005
19.909843442126 0.022513656420
19.917206549908 0.022502141498
19.924569657689 0.022490640199
19.931932765471 0.022479152490
19.939295873253 0.022467678342
19.946658981035 0.022456217725
19.954022088817 0.022444770605
19.961385196599 0.022433336942
19.968748304380 0.022421916699
19.976111412162 0.022410509837
19.983474519944 0.022399116325
19.990837627726 0.022387736130
19.998200735508 0.022376369223
