0.000000000000 0.125000000000
0.014726215564 0.124994784171
0.029452431127 0.124989406117
0.044178646691 0.124984026236
0.058904862255 0.124978645816
0.073631077819 0.124973264611
0.088357293382 0.124967882357
0.103083508946 0.124962498790
0.117809724510 0.124957113646
0.132535940073 0.124951726660
0.147262155637 0.124946337565
0.161988371201 0.124940946094
0.176714586764 0.124935551980
0.191440802328 0.124930154952
0.206167017892 0.124924754739
0.220893233456 0.124919351069
0.235619449019 0.124913943667
0.250345664583 0.124908532258
0.265071880147 0.124903116563
0.279798095710 0.124897696301
0.294524311274 0.124892271191
0.309250526838 0.124886840947
0.323976742401 0.124881405283
0.338702957965 0.124875963909
0.353429173529 0.124870516533
0.368155389093 0.124865062859
0.382881604656 0.124859602591
0.397607820220 0.124854135427
0.412334035784 0.124848661064
0.427060251347 0.124843179194
0.441786466911 0.124837689509
0.456512682475 0.124832191695
0.471238898038 0.124826685435
0.485965113602 0.124821170410
0.500691329166 0.124815646296
0.515417544730 0.124810112767
0.530143760293 0.124804569492
0.544869975857 0.124799016137
0.559596191421 0.124793452365
0.574322406984 0.124787877834
0.589048622548 0.124782292199
0.603774838112 0.124776695111
0.618501053675 0.124771086218
0.633227269239 0.124765465162
0.647953484803 0.124759831584
0.662679700367 0.124754185119
0.677405915930 0.124748525399
0.692132131494 0.124742852052
0.706858347058 0.124737164701
0.721584562621 0.124731462966
0.736310778185 0.124725746464
0.751036993749 0.124720014806
0.765763209313 0.124714267601
0.780489424876 0.124708504453
0.795215640440 0.124702724963
0.809941856004 0.124696928726
0.824668071567 0.124691115335
0.839394287131 0.124685284380
0.854120502695 0.124679435444
0.868846718258 0.124673568110
0.883572933822 0.124667681955
0.898299149386 0.124661776552
0.913025364950 0.124655851471
0.927751580513 0.124649906280
0.942477796077 0.124643940541
0.957204011641 0.124637953812
0.971930227204 0.124631945651
0.986656442768 0.124625915610
1.001382658332 0.124619863237
1.016108873895 0.124613788079
1.030835089459 0.124607689678
1.045561305023 0.124601567573
1.060287520587 0.124595421300
1.075013736150 0.124589250393
1.089739951714 0.124583054382
1.104466167278 0.124576832794
1.119192382841 0.124570585153
1.133918598405 0.124564310981
1.148644813969 0.124558009796
1.163371029532 0.124551681115
1.178097245096 0.124545324452
1.192823460660 0.124538939316
1.207549676224 0.124532525218
1.222275891787 0.124526081662
1.237002107351 0.124519608154
1.251728322915 0.124513104194
1.266454538478 0.124506569282
1.281180754042 0.124500002916
1.295906969606 0.124493404591
1.310633185169 0.124486773800
1.325359400733 0.124480110035
1.340085616297 0.124473412787
1.354811831861 0.124466681542
1.369538047424 0.124459915787
1.384264262988 0.124453115008
1.398990478552 0.124446278686
1.413716694115 0.124439406305
1.428442909679 0.124432497344
1.443169125243 0.124425551282
1.457895340807 0.124418567596
1.472621556370 0.124411545764
1.487347771934 0.124404485260
1.502073987498 0.124397385558
1.516800203061 0.124390246130
1.531526418625 0.124383066449
1.546252634189 0.124375845986
1.560978849752 0.124368584209
1.575705065316 0.124361280588
1.590431280880 0.124353934590
1.605157496444 0.124346545681
1.619883712007 0.124339113329
1.634609927571 0.124331636997
1.649336143135 0.124324116150
1.664062358698 0.124316550251
1.678788574262 0.124308938761
1.693514789826 0.124301281144
1.708241005389 0.124293576858
1.722967220953 0.124285825364
1.737693436517 0.124278026121
1.752419652081 0.124270178585
1.767145867644 0.124262282215
1.781872083208 0.124254336465
1.796598298772 0.124246340791
1.811324514335 0.124238294646
1.826050729899 0.124230197483
1.840776945463 0.124222048754
1.855503161026 0.124213847908
1.870229376590 0.124205594395
1.884955592154 0.124197287663
1.899681807718 0.124188927157
1.914408023281 0.124180512323
1.929134238845 0.124172042603
1.943860454409 0.124163517440
1.958586669972 0.124154936274
1.973312885536 0.124146298541
1.988039101100 0.124137603679
2.002765316663 0.124128851121
2.017491532227 0.124120040299
2.032217747791 0.124111170643
2.046943963355 0.124102241579
2.061670178918 0.124093252533
2.076396394482 0.124084202926
2.091122610046 0.124075092178
2.105848825609 0.124065919704
2.120575041173 0.124056684918
2.135301256737 0.124047387228
2.150027472301 0.124038026042
2.164753687864 0.124028600761
2.179479903428 0.124019110785
2.194206118992 0.124009555508
2.208932334555 0.123999934320
2.223658550119 0.123990246608
2.238384765683 0.123980491753
2.253110981246 0.123970669132
2.267837196810 0.123960778117
2.282563412374 0.123950818073
2.297289627938 0.123940788361
2.312015843501 0.123930688337
2.326742059065 0.123920517349
2.341468274629 0.123910274740
2.356194490192 0.123899959847
2.370920705756 0.123889571999
2.385646921320 0.123879110519
2.400373136883 0.123868574720
2.415099352447 0.123857963912
2.429825568011 0.123847277392
2.444551783575 0.123836514453
2.459277999138 0.123825674377
2.474004214702 0.123814756438
2.488730430266 0.123803759899
2.503456645829 0.123792684017
2.518182861393 0.123781528035
2.532909076957 0.123770291188
2.547635292520 0.123758972701
2.562361508084 0.123747571786
2.577087723648 0.123736087644
2.591813939212 0.123724519466
2.606540154775 0.123712866428
2.621266370339 0.123701127696
2.635992585903 0.123689302421
2.650718801466 0.123677389741
2.665445017030 0.123665388782
2.680171232594 0.123653298652
2.694897448157 0.123641118447
2.709623663721 0.123628847247
2.724349879285 0.123616484117
2.739076094849 0.123604028104
2.753802310412 0.123591478240
2.768528525976 0.123578833539
2.783254741540 0.123566092997
2.797980957103 0.123553255595
2.812707172667 0.123540320290
2.827433388231 0.123527286024
2.842159603795 0.123514151719
2.856885819358 0.123500916274
2.871612034922 0.123487578570
2.886338250486 0.123474137467
2.901064466049 0.123460591801
2.915790681613 0.123446940386
2.930516897177 0.123433182016
2.945243112740 0.123419315458
2.959969328304 0.123405339457
2.974695543868 0.123391252732
2.989421759432 0.123377053979
3.004147974995 0.123362741865
3.018874190559 0.123348315034
3.033600406123 0.123333772101
3.048326621686 0.123319111652
3.063052837250 0.123304332249
3.077779052814 0.123289432420
3.092505268377 0.123274410666
3.107231483941 0.123259265459
3.121957699505 0.123243995237
3.136683915069 0.123228598407
3.151410130632 0.123213073344
3.166136346196 0.123197418390
3.180862561760 0.123181631852
3.195588777323 0.123165712002
3.210314992887 0.123149657077
3.225041208451 0.123133465276
3.239767424014 0.123117134762
3.254493639578 0.123100663657
3.269219855142 0.123084050046
3.283946070706 0.123067291973
3.298672286269 0.123050387437
3.313398501833 0.123033334400
3.328124717397 0.123016130775
3.342850932960 0.122998774433
3.357577148524 0.122981263198
3.372303364088 0.122963594846
3.387029579651 0.122945767105
3.401755795215 0.122927777654
3.416482010779 0.122909624119
3.431208226343 0.122891304073
3.445934441906 0.122872815037
3.460660657470 0.122854154475
3.475386873034 0.122835319794
3.490113088597 0.122816308342
3.504839304161 0.122797117407
3.519565519725 0.122777744217
3.534291735289 0.122758185933
3.549017950852 0.122738439654
3.563744166416 0.122718502411
3.578470381980 0.122698371168
3.593196597543 0.122678042818
3.607922813107 0.122657514185
3.622649028671 0.122636782019
3.637375244234 0.122615842998
3.652101459798 0.122594693724
3.666827675362 0.122573330727
3.681553890926 0.122551750458
3.696280106489 0.122529949295
3.711006322053 0.122507923541
3.725732537617 0.122485669423
3.740458753180 0.122463183096
3.755184968744 0.122440460641
3.769911184308 0.122417498071
3.784637399871 0.122394291331
3.799363615435 0.122370836302
3.814089830999 0.122347128806
3.828816046563 0.122323164605
3.843542262126 0.122298939412
3.858268477690 0.122274448894
3.872994693254 0.122249688676
3.887720908817 0.122224654347
3.902447124381 0.122199341470
3.917173339945 0.122173745583
3.931899555508 0.122147862211
3.946625771072 0.122121686866
3.961351986636 0.122095215063
3.976078202200 0.122068442315
3.990804417763 0.122041364151
4.005530633327 0.122013976111
4.020256848891 0.121986273759
4.034983064454 0.121958252685
4.049709280018 0.121929908509
4.064435495582 0.121901236884
4.079161711145 0.121872233497
4.093887926709 0.121842894074
4.108614142273 0.121813214372
4.123340357837 0.121783190184
4.138066573400 0.121752817326
4.152792788964 0.121722091638
4.167519004528 0.121691008964
4.182245220091 0.121659565145
4.196971435655 0.121627755994
4.211697651219 0.121595577279
4.226423866783 0.121563024687
4.241150082346 0.121530093797
4.255876297910 0.121496780033
4.270602513474 0.121463078622
4.285328729037 0.121428984536
4.300054944601 0.121394492437
4.314781160165 0.121359596608
4.329507375728 0.121324290881
4.344233591292 0.121288568560
4.358959806856 0.121252422340
4.373686022420 0.121215844222
4.388412237983 0.121178825425
4.403138453547 0.121141356300
4.417864669111 0.121103426242
4.432590884674 0.121065023607
4.447317100238 0.121026135629
4.462043315802 0.120986748348
4.476769531365 0.120946846541
4.491495746929 0.120906413663
4.506221962493 0.120865431803
4.520948178057 0.120823881643
4.535674393620 0.120781742440
4.550400609184 0.120738992022
4.565126824748 0.120695606796
4.579853040311 0.120651561783
4.594579255875 0.120606830670
4.609305471439 0.120561385893
4.624031687002 0.120515198739
4.638757902566 0.120468239487
4.653484118130 0.120420477574
4.668210333694 0.120371881805
4.682936549257 0.120322420592
4.697662764821 0.120272062241
4.712388980385 0.120220775276
4.727115195948 0.120168528804
4.741841411512 0.120115292919
4.756567627076 0.120061039139
4.771293842639 0.120005740876
4.786020058203 0.119949373925
4.800746273767 0.119891916956
4.815472489331 0.119833352008
4.830198704894 0.119773664955
4.844924920458 0.119712845935
4.859651136022 0.119650889710
4.874377351585 0.119587795959
4.889103567149 0.119523569471
4.903829782713 0.119458220235
4.918555998277 0.119391763428
4.933282213840 0.119324219305
4.948008429404 0.119255612999
4.962734644968 0.119185974259
4.977460860531 0.119115337145
4.992187076095 0.119043739706
5.006913291659 0.118971223652
5.021639507222 0.118897834038
5.036365722786 0.118823618940
5.051091938350 0.118748629127
5.065818153914 0.118672917688
5.080544369477 0.118596539600
5.095270585041 0.118519551197
5.109996800605 0.118442009547
5.124723016168 0.118363971696
5.139449231732 0.118285493817
5.154175447296 0.118206630241
5.168901662859 0.118127432417
5.183627878423 0.118047947811
5.198354093987 0.117968218827
5.213080309551 0.117888281813
5.227806525114 0.117808166283
5.242532740678 0.117727894467
5.257258956242 0.117647481309
5.271985171805 0.117566934947
5.286711387369 0.117486257663
5.301437602933 0.117405447188
5.316163818496 0.117324498179
5.330890034060 0.117243403694
5.345616249624 0.117162156496
5.360342465188 0.117080750083
5.375068680751 0.116999179433
5.389794896315 0.116917441455
5.404521111879 0.116835535181
5.419247327442 0.116753461727
5.433973543006 0.116671224038
5.448699758570 0.116588826459
5.463425974134 0.116506274197
5.478152189697 0.116423572792
5.492878405261 0.116340727721
5.507604620825 0.116257744255
5.522330836388 0.116174627599
5.537057051952 0.116091383289
5.551783267516 0.116008017712
5.566509483079 0.115924538590
5.581235698643 0.115840955245
5.595961914207 0.115757278572
5.610688129771 0.115673520664
5.625414345334 0.115589694191
5.640140560898 0.115505811662
5.654866776462 0.115421884732
5.669592992025 0.115337923719
5.684319207589 0.115253937399
5.699045423153 0.115169933117
5.713771638716 0.115085917157
5.728497854280 0.115001895257
5.743224069844 0.114917873161
5.757950285408 0.114833857064
5.772676500971 0.114749853863
5.787402716535 0.114665871137
5.802128932099 0.114581916837
5.816855147662 0.114497998676
5.831581363226 0.114414123283
5.846307578790 0.114330295157
5.861033794353 0.114246515554
5.875760009917 0.114162781411
5.890486225481 0.114079084473
5.905212441045 0.113995410769
5.919938656608 0.113911740586
5.934664872172 0.113828049005
5.949391087736 0.113744306985
5.964117303299 0.113660482860
5.978843518863 0.113576543963
5.993569734427 0.113492458015
6.008295949991 0.113408193858
6.023022165554 0.113323721208
6.037748381118 0.113239009242
6.052474596682 0.113154024130
6.067200812245 0.113068725880
6.081927027809 0.112983065157
6.096653243373 0.112896980861
6.111379458936 0.112810399228
6.126105674500 0.112723235000
6.140831890064 0.112635394870
6.155558105628 0.112546782954
6.170284321191 0.112457307665
6.185010536755 0.112366889074
6.199736752319 0.112275465773
6.214462967882 0.112183000339
6.229189183446 0.112089482794
6.243915399010 0.111994931770
6.258641614573 0.111899393427
6.273367830137 0.111802938415
6.288094045701 0.111705657267
6.302820261265 0.111607654637
6.317546476828 0.111509042788
6.332272692392 0.111409934699
6.346998907956 0.111310437232
6.361725123519 0.111210644896
6.376451339083 0.111110634838
6.391177554647 0.111010463712
6.405903770210 0.110910166916
6.420629985774 0.110809760339
6.435356201338 0.110709244333
6.450082416902 0.110608609097
6.464808632465 0.110507840361
6.479534848029 0.110406924149
6.494261063593 0.110305849686
6.508987279156 0.110204610031
6.523713494720 0.110103200666
6.538439710284 0.110001616858
6.553165925847 0.109899850931
6.567892141411 0.109797890534
6.582618356975 0.109695718623
6.597344572539 0.109593315338
6.612070788102 0.109490661385
6.626797003666 0.109387742129
6.641523219230 0.109284551472
6.656249434793 0.109181094642
6.670975650357 0.109077389257
6.685701865921 0.108973464308
6.700428081485 0.108869356995
6.715154297048 0.108765107662
6.729880512612 0.108660753412
6.744606728176 0.108556321340
6.759332943739 0.108451822580
6.774059159303 0.108347248438
6.788785374867 0.108242569606
6.803511590430 0.108137738792
6.818237805994 0.108032696211
6.832964021558 0.107927376569
6.847690237122 0.107821715636
6.862416452685 0.107715654652
6.877142668249 0.107609141495
6.891868883813 0.107502128753
6.906595099376 0.107394569949
6.921321314940 0.107286415934
6.936047530504 0.107177613372
6.950773746067 0.107068106327
6.965499961631 0.106957840625
6.980226177195 0.106846769328
6.994952392759 0.106734857066
7.009678608322 0.106622081329
7.024404823886 0.106506696114
7.039131039450 0.106387767346
7.053857255013 0.106265257514
7.068583470577 0.106139134612
7.083309686141 0.106009381970
7.098035901704 0.105876002988
7.112762117268 0.105739014337
7.127488332832 0.105598438112
7.142214548396 0.105454321047
7.156940763959 0.105306714096
7.171666979523 0.105155656345
7.186393195087 0.105001231706
7.201119410650 0.104843562264
7.215845626214 0.104682738054
7.230571841778 0.104518879888
7.245298057342 0.104352153079
7.260024272905 0.104182634919
7.274750488469 0.104010339605
7.289476704033 0.103835271765
7.304202919596 0.103657401318
7.318929135160 0.103476668342
7.333655350724 0.103292999454
7.348381566287 0.103106300131
7.363107781851 0.102916571293
7.377833997415 0.102723954085
7.392560212979 0.102528558391
7.407286428542 0.102330575435
7.422012644106 0.102130264493
7.436738859670 0.101927833989
7.451465075233 0.101723438127
7.466191290797 0.101517225168
7.480917506361 0.101309271609
7.495643721924 0.101099580189
7.510369937488 0.100888065780
7.525096153052 0.100674889780
7.539822368616 0.100460099913
7.554548584179 0.100243733246
7.569274799743 0.100025994986
7.584001015307 0.099807174726
7.598727230870 0.099587508340
7.613453446434 0.099367137190
7.628179661998 0.099146050886
7.642905877561 0.098923829856
7.657632093125 0.098699964775
7.672358308689 0.098474084803
7.687084524253 0.098246305209
7.701810739816 0.098016826455
7.716536955380 0.097785602898
7.731263170944 0.097552614865
7.745989386507 0.097317850983
7.760715602071 0.097081358553
7.775441817635 0.096843175724
7.790168033199 0.096603340114
7.804894248762 0.096361873592
7.819620464326 0.096118639012
7.834346679890 0.095873447232
7.849072895453 0.095626356790
7.863799111017 0.095377471786
7.878525326581 0.095126846701
7.893251542144 0.094874559002
7.907977757708 0.094620930704
7.922703973272 0.094366505555
7.937430188836 0.094111817356
7.952156404399 0.093857235163
7.966882619963 0.093602889764
7.981608835527 0.093348565908
7.996335051090 0.093093344640
8.011061266654 0.092837365343
8.025787482218 0.092580867936
8.040513697781 0.092324110658
8.055239913345 0.092067188908
8.069966128909 0.091810014797
8.084692344473 0.091552472035
8.099418560036 0.091294471991
8.114144775600 0.091036193352
8.128870991164 0.090778061687
8.143597206727 0.090520321211
8.158323422291 0.090262703334
8.173049637855 0.090004728925
8.187775853418 0.089746070609
8.202502068982 0.089486504624
8.217228284546 0.089226012718
8.231954500110 0.088964880124
8.246680715673 0.088703689053
8.261406931237 0.088443135473
8.276133146801 0.088183676671
8.290859362364 0.087925252992
8.305585577928 0.087667180200
8.320311793492 0.087408449927
8.335038009055 0.087148528556
8.349764224619 0.086887410653
8.364490440183 0.086625510709
8.379216655747 0.086363364646
8.393942871310 0.086101407922
8.408669086874 0.085840027889
8.423395302438 0.085579480119
8.438121518001 0.085319672321
8.452847733565 0.085060202270
8.467573949129 0.084800574353
8.482300164692 0.084540414892
8.497026380256 0.084279804693
8.511752595820 0.084019175431
8.526478811384 0.083759032620
8.541205026947 0.083499708033
8.555931242511 0.083241320095
8.570657458075 0.082983889205
8.585383673638 0.082727306471
8.600109889202 0.082471309491
8.614836104766 0.082215808119
8.629562320330 0.081960851051
8.644288535893 0.081706518883
8.659014751457 0.081452955514
8.673740967021 0.081200351422
8.688467182584 0.080948860542
8.703193398148 0.080698565183
8.717919613712 0.080449533941
8.732645829275 0.080201875326
8.747372044839 0.079955738132
8.762098260403 0.079711168836
8.776824475967 0.079468154196
8.791550691530 0.079226709098
8.806276907094 0.078986840855
8.821003122658 0.078748464479
8.835729338221 0.078511479517
8.850455553785 0.078275812607
8.865181769349 0.078041473452
8.879907984912 0.077808560887
8.894634200476 0.077577139072
8.909360416040 0.077347200805
8.924086631604 0.077118611415
8.938812847167 0.076891207521
8.953539062731 0.076664910252
8.968265278295 0.076439693788
8.982991493858 0.076215478663
8.997717709422 0.075992140984
9.012443924986 0.075769622453
9.027170140549 0.075547955568
9.041896356113 0.075327363311
9.056622571677 0.075108087686
9.071348787241 0.074890302758
9.086075002804 0.074674280504
9.100801218368 0.074460177717
9.115527433932 0.074248043328
9.130253649495 0.074037824935
9.144979865059 0.073829348766
9.159706080623 0.073622282320
9.174432296186 0.073416329086
9.189158511750 0.073211468147
9.203884727314 0.073007620383
9.218610942878 0.072804812653
9.233337158441 0.072603090157
9.248063374005 0.072402424574
9.262789589569 0.072202879816
9.277515805132 0.072004646138
9.292242020696 0.071807843942
9.306968236260 0.071612476866
9.321694451823 0.071418527165
9.336420667387 0.071225882059
9.351146882951 0.071034398311
9.365873098515 0.070843958680
9.380599314078 0.070654418484
9.395325529642 0.070465377497
9.410051745206 0.070277123279
9.424777960769 0.070089966067
9.439504176333 0.069903947123
9.454230391897 0.069719200200
9.468956607460 0.069535831172
9.483682823024 0.069353860070
9.498409038588 0.069173320984
9.513135254152 0.068994185893
9.527861469715 0.068816393055
9.542587685279 0.068639835911
9.557313900843 0.068464272895
9.572040116406 0.068289558088
9.586766331970 0.068115780263
9.601492547534 0.067942994372
9.616218763098 0.067771200901
9.630944978661 0.067600475503
9.645671194225 0.067430845380
9.660397409789 0.067262205617
9.675123625352 0.067094438811
9.689849840916 0.066927523255
9.704576056480 0.066761564593
9.719302272043 0.066596688590
9.734028487607 0.066432950549
9.748754703171 0.066270294089
9.763480918735 0.066108690118
9.778207134298 0.065948204902
9.792933349862 0.065788880562
9.807659565426 0.065630723280
9.822385780989 0.065473738512
9.837111996553 0.065317878229
9.851838212117 0.065162972462
9.866564427680 0.065008893098
9.881290643244 0.064855546011
9.896016858808 0.064702848982
9.910743074372 0.064550755976
9.925469289935 0.064399343599
9.940195505499 0.064248741297
9.954921721063 0.064099053840
9.969647936626 0.063950341522
9.984374152190 0.063802613303
9.999100367754 0.063655846142
10.013826583317 0.063510068220
10.028552798881 0.063365771324
10.043279014445 0.063222909125
10.058005230009 0.063081427959
10.072731445572 0.062941237636
10.087457661136 0.062802236664
10.102183876700 0.062664314956
10.116910092263 0.062527381144
10.131636307827 0.062391410993
10.146362523391 0.062256463974
10.161088738954 0.062122613605
10.175814954518 0.061989878704
10.190541170082 0.061858238862
10.205267385646 0.061727664416
10.219993601209 0.061598128839
10.234719816773 0.061469604513
10.249446032337 0.061342054898
10.264172247900 0.061215397201
10.278898463464 0.061089530280
10.293624679028 0.060964391490
10.308350894591 0.060839954055
10.323077110155 0.060716221316
10.337803325719 0.060593215389
10.352529541283 0.060470957782
10.367255756846 0.060349460646
10.381981972410 0.060228734548
10.396708187974 0.060108780077
10.411434403537 0.059989610288
10.426160619101 0.059871254653
10.440886834665 0.059753731949
10.455613050229 0.059637047141
10.470339265792 0.059521200467
10.485065481356 0.059406176199
10.499791696920 0.059291933836
10.514517912483 0.059178415468
10.529244128047 0.059065559636
10.543970343611 0.058953329359
10.558696559174 0.058841697861
10.573422774738 0.058730653661
10.588148990302 0.058620196378
10.602875205866 0.058510323626
10.617601421429 0.058401037259
10.632327636993 0.058292344890
10.647053852557 0.058184254214
10.661780068120 0.058076770733
10.676506283684 0.057969892645
10.691232499248 0.057863599949
10.705958714811 0.057757847855
10.720684930375 0.057652582289
10.735411145939 0.057547756631
10.750137361503 0.057443332574
10.764863577066 0.057339275078
10.779589792630 0.057235572533
10.794316008194 0.057132252071
10.809042223757 0.057029362007
10.823768439321 0.056926963232
10.838494654885 0.056825114099
10.853220870448 0.056723848777
10.867947086012 0.056623187840
10.882673301576 0.056523137610
10.897399517140 0.056423697272
10.912125732703 0.056324853441
10.926851948267 0.056226579797
10.941578163831 0.056128844203
10.956304379394 0.056031607534
10.971030594958 0.055934823728
10.985756810522 0.055838439986
11.000483026085 0.055742400993
11.015209241649 0.055646662840
11.029935457213 0.055551212809
11.044661672777 0.055456074688
11.059387888340 0.055361287948
11.074114103904 0.055266893621
11.088840319468 0.055172933627
11.103566535031 0.055079445757
11.118292750595 0.054986453791
11.133018966159 0.054893966624
11.147745181722 0.054801982967
11.162471397286 0.054710496265
11.177197612850 0.054619496405
11.191923828414 0.054528968097
11.206650043977 0.054438885203
11.221376259541 0.054349210920
11.236102475105 0.054259910882
11.250828690668 0.054170965231
11.265554906232 0.054082377826
11.280281121796 0.053994167669
11.295007337359 0.053906348630
11.309733552923 0.053818926325
11.324459768487 0.053731899421
11.339185984051 0.053645263057
11.353912199614 0.053559013232
11.368638415178 0.053473146546
11.383364630742 0.053387658602
11.398090846305 0.053302544588
11.412817061869 0.053217800640
11.427543277433 0.053133422407
11.442269492997 0.053049403772
11.456995708560 0.052965738055
11.471721924124 0.052882420075
11.486448139688 0.052799447315
11.501174355251 0.052716821317
11.515900570815 0.052634549044
11.530626786379 0.052552639710
11.545353001942 0.052471101716
11.560079217506 0.052389943597
11.574805433070 0.052309173999
11.589531648634 0.052228800117
11.604257864197 0.052148826760
11.618984079761 0.052069256108
11.633710295325 0.051990086729
11.648436510888 0.051911313089
11.663162726452 0.051832925838
11.677888942016 0.051754911739
11.692615157579 0.051677255887
11.707341373143 0.051599946515
11.722067588707 0.051522978744
11.736793804271 0.051446355176
11.751520019834 0.051370084063
11.766246235398 0.051294175777
11.780972450962 0.051218635164
11.795698666525 0.051143458436
11.810424882089 0.051068641523
11.825151097653 0.050994182799
11.839877313216 0.050920080333
11.854603528780 0.050846328495
11.869329744344 0.050772914779
11.884055959908 0.050699824554
11.898782175471 0.050627048165
11.913508391035 0.050554581954
11.928234606599 0.050482425736
11.942960822162 0.050410580665
11.957687037726 0.050339047427
11.972413253290 0.050267826459
11.987139468853 0.050196917679
12.001865684417 0.050126318428
12.016591899981 0.050056026886
12.031318115545 0.049986034613
12.046044331108 0.049916335751
12.060770546672 0.049846932528
12.075496762236 0.049777831133
12.090222977799 0.049709037961
12.104949193363 0.049640556223
12.119675408927 0.049572384148
12.134401624490 0.049504516291
12.149127840054 0.049436945626
12.163854055618 0.049369663963
12.178580271182 0.049302660742
12.193306486745 0.049235924071
12.208032702309 0.049169443200
12.222758917873 0.049103209210
12.237485133436 0.049037213719
12.252211349000 0.048971454968
12.266937564564 0.048905939327
12.281663780127 0.048840673638
12.296389995691 0.048775665370
12.311116211255 0.048710921871
12.325842426819 0.048646448406
12.340568642382 0.048582246544
12.355294857946 0.048518313246
12.370021073510 0.048454641287
12.384747289073 0.048391226401
12.399473504637 0.048328071083
12.414199720201 0.048265175971
12.428925935765 0.048202536398
12.443652151328 0.048140144371
12.458378366892 0.048077991235
12.473104582456 0.048016066558
12.487830798019 0.047954359947
12.502557013583 0.047892874978
12.517283229147 0.047831617628
12.532009444710 0.047770591115
12.546735660274 0.047709797297
12.561461875838 0.047649235717
12.576188091402 0.047588901018
12.590914306965 0.047528784241
12.605640522529 0.047468875560
12.620366738093 0.047409164030
12.635092953656 0.047349636789
12.649819169220 0.047290280253
12.664545384784 0.047231081985
12.679271600347 0.047172030915
12.693997815911 0.047113116053
12.708724031475 0.047054327187
12.723450247039 0.046995661600
12.738176462602 0.046937122972
12.752902678166 0.046878716637
12.767628893730 0.046820448108
12.782355109293 0.046762322500
12.797081324857 0.046704344041
12.811807540421 0.046646515325
12.826533755984 0.046588836570
12.841259971548 0.046531306417
12.855986187112 0.046473923400
12.870712402676 0.046416687002
12.885438618239 0.046359597526
12.900164833803 0.046302655138
12.914891049367 0.046245861064
12.929617264930 0.046189216384
12.944343480494 0.046132720276
12.959069696058 0.046076370837
12.973795911621 0.046020168093
12.988522127185 0.045964113929
13.003248342749 0.045908209723
13.017974558313 0.045852455658
13.032700773876 0.045796850707
13.047426989440 0.045741392592
13.062153205004 0.045686077669
13.076879420567 0.045630901237
13.091605636131 0.045575859310
13.106331851695 0.045520949547
13.121058067258 0.045466170090
13.135784282822 0.045411518935
13.150510498386 0.045356994990
13.165236713950 0.045302599509
13.179962929513 0.045248335701
13.194689145077 0.045194206660
13.209415360641 0.045140214480
13.224141576204 0.045086361082
13.238867791768 0.045032648478
13.253594007332 0.044979078260
13.268320222896 0.044925651495
13.283046438459 0.044872369222
13.297772654023 0.044819233124
13.312498869587 0.044766245728
13.327225085150 0.044713409945
13.341951300714 0.044660728502
13.356677516278 0.044608203901
13.371403731841 0.044555838752
13.386129947405 0.044503635880
13.400856162969 0.044451597134
13.415582378533 0.044399722228
13.430308594096 0.044348011147
13.445034809660 0.044296465050
13.459761025224 0.044245084530
13.474487240787 0.044193868815
13.489213456351 0.044142816107
13.503939671915 0.044091924259
13.518665887478 0.044041191426
13.533392103042 0.043990616669
13.548118318606 0.043940200258
13.562844534170 0.043889943512
13.577570749733 0.043839848369
13.592296965297 0.043789916871
13.607023180861 0.043740150722
13.621749396424 0.043690551178
13.636475611988 0.043641119282
13.651201827552 0.043591856099
13.665928043115 0.043542762773
13.680654258679 0.043493840481
13.695380474243 0.043445090252
13.710106689807 0.043396512687
13.724832905370 0.043348107655
13.739559120934 0.043299874103
13.754285336498 0.043251810108
13.769011552061 0.043203913205
13.783737767625 0.043156180741
13.798463983189 0.043108610175
13.813190198752 0.043061199397
13.827916414316 0.043013946905
13.842642629880 0.042966851618
13.857368845444 0.042919912407
13.872095061007 0.042873128050
13.886821276571 0.042826497568
13.901547492135 0.042780020216
13.916273707698 0.042733695570
13.930999923262 0.042687523598
13.945726138826 0.042641504486
13.960452354389 0.042595638439
13.975178569953 0.042549925556
13.989904785517 0.042504365773
14.004631001081 0.042458958782
14.019357216644 0.042413703992
14.034083432208 0.042368600696
14.048809647772 0.042323648369
14.063535863335 0.042278846848
14.078262078899 0.042234196344
14.092988294463 0.042189697299
14.107714510026 0.042145350166
14.122440725590 0.042101155118
14.137166941154 0.042057111748
14.151893156718 0.042013218785
14.166619372281 0.041969473836
14.181345587845 0.041925873296
14.196071803409 0.041882412656
14.210798018972 0.041839087024
14.225524234536 0.041795891584
14.240250450100 0.041752821872
14.254976665664 0.041709873953
14.269702881227 0.041667044584
14.284429096791 0.041624331375
14.299155312355 0.041581732856
14.313881527918 0.041539248402
14.328607743482 0.041496878067
14.343333959046 0.041454622385
14.358060174609 0.041412482151
14.372786390173 0.041370458218
14.387512605737 0.041328551309
14.402238821301 0.041286761867
14.416965036864 0.041245089923
14.431691252428 0.041203535029
14.446417467992 0.041162096261
14.461143683555 0.041120772324
14.475869899119 0.041079561730
14.490596114683 0.041038462975
14.505322330246 0.040997474696
14.520048545810 0.040956595769
14.534774761374 0.040915825416
14.549500976938 0.040875163286
14.564227192501 0.040834609472
14.578953408065 0.040794164357
14.593679623629 0.040753828282
14.608405839192 0.040713601300
14.623132054756 0.040673483138
14.637858270320 0.040633473045
14.652584485883 0.040593569657
14.667310701447 0.040553771189
14.682036917011 0.040514075857
14.696763132575 0.040474482325
14.711489348138 0.040434990056
14.726215563702 0.040395599475
14.740941779266 0.040356311882
14.755667994829 0.040317129147
14.770394210393 0.040278053385
14.785120425957 0.040239086740
14.799846641520 0.040200231205
14.814572857084 0.040161488360
14.829299072648 0.040122859045
14.844025288212 0.040084343063
14.858751503775 0.040045939013
14.873477719339 0.040007644384
14.888203934903 0.039969456020
14.902930150466 0.039931370878
14.917656366030 0.039893386757
14.932382581594 0.039855502709
14.947108797157 0.039817719080
14.961835012721 0.039780037311
14.976561228285 0.039742459645
14.991287443849 0.039704988827
15.006013659412 0.039667627817
15.020739874976 0.039630379462
15.035466090540 0.039593246150
15.050192306103 0.039556229485
15.064918521667 0.039519329986
15.079644737231 0.039482546943
15.094370952794 0.039445878563
15.109097168358 0.039409322457
15.123823383922 0.039372876229
15.138549599486 0.039336537935
15.153275815049 0.039300306340
15.168002030613 0.039264181013
15.182728246177 0.039228162314
15.197454461740 0.039192251312
15.212180677304 0.039156449650
15.226906892868 0.039120759335
15.241633108432 0.039085182408
15.256359323995 0.039049720556
15.271085539559 0.039014374762
15.285811755123 0.038979145082
15.300537970686 0.038944030622
15.315264186250 0.038909029757
15.329990401814 0.038874140532
15.344716617377 0.038839361122
15.359442832941 0.038804690169
15.374169048505 0.038770126957
15.388895264069 0.038735671419
15.403621479632 0.038701323987
15.418347695196 0.038667085386
15.433073910760 0.038632956381
15.447800126323 0.038598937501
15.462526341887 0.038565028807
15.477252557451 0.038531229704
15.491978773014 0.038497538836
15.506704988578 0.038463954187
15.521431204142 0.038430473426
15.536157419706 0.038397094417
15.550883635269 0.038363815671
15.565609850833 0.038330636478
15.580336066397 0.038297556665
15.595062281960 0.038264576195
15.609788497524 0.038231694879
15.624514713088 0.038198912324
15.639240928651 0.038166228032
15.653967144215 0.038133641503
15.668693359779 0.038101152238
15.683419575343 0.038068759654
15.698145790906 0.038036463033
15.712872006470 0.038004261669
15.727598222034 0.037972155145
15.742324437597 0.037940143533
15.757050653161 0.037908227302
15.771776868725 0.037876406879
15.786503084288 0.037844682218
15.801229299852 0.037813052716
15.815955515416 0.037781517481
15.830681730980 0.037750075623
15.845407946543 0.037718726294
15.860134162107 0.037687468524
15.874860377671 0.037656300945
15.889586593234 0.037625221645
15.904312808798 0.037594228374
15.919039024362 0.037563319081
15.933765239925 0.037532492574
15.948491455489 0.037501748951
15.963217671053 0.037471089600
15.977943886617 0.037440516661
15.992670102180 0.037410032190
16.007396317744 0.037379637492
16.022122533308 0.037349332836
16.036848748871 0.037319117258
16.051574964435 0.037288988350
16.066301179999 0.037258942250
16.081027395563 0.037228974156
16.095753611126 0.037199079528
16.110479826690 0.037169255381
16.125206042254 0.037139500956
16.139932257817 0.037109817469
16.154658473381 0.037080207204
16.169384688945 0.037050672584
16.184110904508 0.037021215680
16.198837120072 0.036991838097
16.213563335636 0.036962540792
16.228289551200 0.036933323768
16.243015766763 0.036904185785
16.257741982327 0.036875124290
16.272468197891 0.036846135936
16.287194413454 0.036817217522
16.301920629018 0.036788366780
16.316646844582 0.036759582679
16.331373060145 0.036730865332
16.346099275709 0.036702215778
16.360825491273 0.036673635907
16.375551706837 0.036645128522
16.390277922400 0.036616696845
16.405004137964 0.036588343508
16.419730353528 0.036560069546
16.434456569091 0.036531873551
16.449182784655 0.036503751415
16.463909000219 0.036475697294
16.478635215782 0.036447705555
16.493361431346 0.036419772369
16.508087646910 0.036391896118
16.522813862474 0.036364077120
16.537540078037 0.036336317208
16.552266293601 0.036308619202
16.566992509165 0.036280986305
16.581718724728 0.036253421448
16.596444940292 0.036225926599
16.611171155856 0.036198502035
16.625897371419 0.036171145636
16.640623586983 0.036143852157
16.655349802547 0.036116612964
16.670076018111 0.036089418445
16.684802233674 0.036062263295
16.699528449238 0.036035149264
16.714254664802 0.036008082398
16.728980880365 0.035981068964
16.743707095929 0.035954113712
16.758433311493 0.035927219993
16.773159527056 0.035900390245
16.787885742620 0.035873626143
16.802611958184 0.035846928260
16.817338173748 0.035820295216
16.832064389311 0.035793722382
16.846790604875 0.035767200671
16.861516820439 0.035740717660
16.876243036002 0.035714262864
16.890969251566 0.035687832683
16.905695467130 0.035661429710
16.920421682693 0.035635059628
16.935147898257 0.035608729138
16.949874113821 0.035582444789
16.964600329385 0.035556212104
16.979326544948 0.035530034816
16.994052760512 0.035503914620
17.008778976076 0.035477851362
17.023505191639 0.035451842795
17.038231407203 0.035425883541
17.052957622767 0.035399963691
17.067683838331 0.035374069071
17.082410053894 0.035348185725
17.097136269458 0.035322306251
17.111862485022 0.035296431994
17.126588700585 0.035270572016
17.141314916149 0.035244740608
17.156041131713 0.035218952449
17.170767347276 0.035193218288
17.185493562840 0.035167543929
17.200219778404 0.035141931477
17.214945993968 0.035116380465
17.229672209531 0.035090887716
17.244398425095 0.035065446186
17.259124640659 0.035040043616
17.273850856222 0.035014661677
17.288577071786 0.034989278190
17.303303287350 0.034963876724
17.318029502913 0.034938459019
17.332755718477 0.034913044371
17.347481934041 0.034887656813
17.362208149605 0.034862315669
17.376934365168 0.034837032890
17.391660580732 0.034811813650
17.406386796296 0.034786657955
17.421113011859 0.034761561843
17.435839227423 0.034736518032
17.450565442987 0.034711516552
17.465291658550 0.034686544710
17.480017874114 0.034661586113
17.494744089678 0.034636621507
17.509470305242 0.034611634901
17.524196520805 0.034586621852
17.538922736369 0.034561590654
17.553648951933 0.034536557864
17.568375167496 0.034511545148
17.583101383060 0.034486575419
17.597827598624 0.034461665965
17.612553814187 0.034436822751
17.627280029751 0.034412041303
17.642006245315 0.034387311802
17.656732460879 0.034362623142
17.671458676442 0.034337964249
17.686184892006 0.034313323358
17.700911107570 0.034288686607
17.715637323133 0.034264037582
17.730363538697 0.034239360408
17.745089754261 0.034214646881
17.759815969824 0.034189901992
17.774542185388 0.034165143058
17.789268400952 0.034140395194
17.803994616516 0.034115685171
17.818720832079 0.034091034001
17.833447047643 0.034066451415
17.848173263207 0.034041935960
17.862899478770 0.034017479058
17.877625694334 0.033993068963
17.892351909898 0.033968692860
17.907078125461 0.033944337568
17.921804341025 0.033919989378
17.936530556589 0.033895633264
17.951256772153 0.033871252939
17.965982987716 0.033846834604
17.980709203280 0.033822374913
17.995435418844 0.033797885996
18.010161634407 0.033773391053
18.024887849971 0.033748916497
18.039614065535 0.033724486962
18.054340281099 0.033700121315
18.069066496662 0.033675828276
18.083792712226 0.033651604526
18.098518927790 0.033627437586
18.113245143353 0.033603311345
18.127971358917 0.033579210505
18.142697574481 0.033555122053
18.157423790044 0.033531034506
18.172150005608 0.033506936691
18.186876221172 0.033482817724
18.201602436736 0.033458669228
18.216328652299 0.033434488706
18.231054867863 0.033410281239
18.245781083427 0.033386059077
18.260507298990 0.033361840145
18.275233514554 0.033337644818
18.289959730118 0.033313491110
18.304685945681 0.033289390402
18.319412161245 0.033265345633
18.334138376809 0.033241351522
18.348864592373 0.033217396892
18.363590807936 0.033193469030
18.378317023500 0.033169557163
18.393043239064 0.033145653071
18.407769454627 0.033121750031
18.422495670191 0.033097841735
18.437221885755 0.033073922185
18.451948101318 0.033049986979
18.466674316882 0.033026035226
18.481400532446 0.033002070531
18.496126748010 0.032978100734
18.510852963573 0.032954136897
18.525579179137 0.032930191318
18.540305394701 0.032906274855
18.555031610264 0.032882394948
18.569757825828 0.032858554755
18.584484041392 0.032834752572
18.599210256955 0.032810982364
18.613936472519 0.032787236631
18.628662688083 0.032763509241
18.643388903647 0.032739796023
18.658115119210 0.032716093897
18.672841334774 0.032692399861
18.687567550338 0.032668710446
18.702293765901 0.032645021849
18.717019981465 0.032621330860
18.731746197029 0.032597636387
18.746472412592 0.032573940769
18.761198628156 0.032550249869
18.775924843720 0.032526571889
18.790651059284 0.032502915650
18.805377274847 0.032479288759
18.820103490411 0.032455696430
18.834829705975 0.032432141032
18.849555921538 0.032408621568
18.864282137102 0.032385134103
18.879008352666 0.032361673736
18.893734568230 0.032338236187
18.908460783793 0.032314818074
18.923186999357 0.032291416583
18.937913214921 0.032268029035
18.952639430484 0.032244652585
18.967365646048 0.032221284369
18.982091861612 0.032197922270
18.996818077175 0.032174566084
19.011544292739 0.032151218474
19.026270508303 0.032127885000
19.040996723867 0.032104572982
19.055722939430 0.032081289592
19.070449154994 0.032058040011
19.085175370558 0.032034826813
19.099901586121 0.032011650712
19.114627801685 0.031988511236
19.129354017249 0.031965406737
19.144080232812 0.031942334623
19.158806448376 0.031919292111
19.173532663940 0.031896276814
19.188258879504 0.031873286792
19.202985095067 0.031850320279
19.217711310631 0.031827375454
19.232437526195 0.031804450591
19.247163741758 0.031781544687
19.261889957322 0.031758658156
19.276616172886 0.031735793041
19.291342388449 0.031712952653
19.306068604013 0.031690140958
19.320794819577 0.031667361982
19.335521035141 0.031644619210
19.350247250704 0.031621914957
19.364973466268 0.031599250063
19.379699681832 0.031576624208
19.394425897395 0.031554036445
19.409152112959 0.031531485522
19.423878328523 0.031508970110
19.438604544086 0.031486488926
19.453330759650 0.031464040671
19.468056975214 0.031441623956
19.482783190778 0.031419237477
19.497509406341 0.031396880306
19.512235621905 0.031374552081
19.526961837469 0.031352253026
19.541688053032 0.031329983885
19.556414268596 0.031307745808
19.571140484160 0.031285540255
19.585866699723 0.031263368896
19.600592915287 0.031241233519
19.615319130851 0.031219135851
19.630045346415 0.031197077270
19.644771561978 0.031175058531
19.659497777542 0.031153079709
19.674223993106 0.031131140458
19.688950208669 0.031109240304
19.703676424233 0.031087378717
19.718402639797 0.031065555004
19.733128855360 0.031043768183
19.747855070924 0.031022016988
19.762581286488 0.031000300013
19.777307502052 0.030978615953
19.792033717615 0.030956963849
19.806759933179 0.030935343211
19.821486148743 0.030913753979
19.836212364306 0.030892196417
19.850938579870 0.030870671044
19.865664795434 0.030849178592
19.880391010998 0.030827719906
19.895117226561 0.030806295775
19.909843442125 0.030784906758
19.924569657689 0.030763553069
19.939295873252 0.030742234560
19.954022088816 0.030720950836
19.968748304380 0.030699701434
19.983474519943 0.030678485921
19.998200735507 0.030657303887
