0.000000000000 0.125000000000
0.014726215564 0.124994784171
0.029452431127 0.124989406117
0.044178646691 0.124984026236
0.058904862255 0.124978645816
0.073631077819 0.124973264611
0.088357293382 0.124967882357
0.103083508946 0.124962498790
0.117809724510 0.124957113646
0.132535940073 0.124951726660
0.147262155637 0.124946337565
0.161988371201 0.124940946094
0.176714586764 0.124935551980
0.191440802328 0.124930154952
0.206167017892 0.124924754739
0.220893233456 0.124919351069
0.235619449019 0.124913943667
0.250345664583 0.124908532258
0.265071880147 0.124903116563
0.279798095710 0.124897696301
0.294524311274 0.124892271191
0.309250526838 0.124886840947
0.323976742401 0.124881405283
0.338702957965 0.124875963909
0.353429173529 0.124870516533
0.368155389093 0.124865062859
0.382881604656 0.124859602591
0.397607820220 0.124854135427
0.412334035784 0.124848661064
0.427060251347 0.124843179194
0.441786466911 0.124837689509
0.456512682475 0.124832191695
0.471238898038 0.124826685435
0.485965113602 0.124821170410
0.500691329166 0.124815646296
0.515417544730 0.124810112767
0.530143760293 0.124804569492
0.544869975857 0.124799016137
0.559596191421 0.124793452365
0.574322406984 0.124787877834
0.589048622548 0.124782292199
0.603774838112 0.124776695111
0.618501053675 0.124771086218
0.633227269239 0.124765465162
0.647953484803 0.124759831584
0.662679700367 0.124754185119
0.677405915930 0.124748525399
0.692132131494 0.124742852052
0.706858347058 0.124737164701
0.721584562621 0.124731462966
0.736310778185 0.124725746464
0.751036993749 0.124720014806
0.765763209313 0.124714267601
0.780489424876 0.124708504453
0.795215640440 0.124702724963
0.809941856004 0.124696928726
0.824668071567 0.124691115335
0.839394287131 0.124685284380
0.854120502695 0.124679435444
0.868846718258 0.124673568110
0.883572933822 0.124667681955
0.898299149386 0.124661776552
0.913025364950 0.124655851471
0.927751580513 0.124649906280
0.942477796077 0.124643940541
0.957204011641 0.124637953812
0.971930227204 0.124631945651
0.986656442768 0.124625915610
1.001382658332 0.124619863237
1.016108873895 0.124613788079
1.030835089459 0.124607689678
1.045561305023 0.124601567573
1.060287520587 0.124595421300
1.075013736150 0.124589250393
1.089739951714 0.124583054382
1.104466167278 0.124576832794
1.119192382841 0.124570585153
1.133918598405 0.124564310981
1.148644813969 0.124558009796
1.163371029532 0.124551681115
1.178097245096 0.124545324452
1.192823460660 0.124538939316
1.207549676224 0.124532525218
1.222275891787 0.124526081662
1.237002107351 0.124519608154
1.251728322915 0.124513104194
1.266454538478 0.124506569282
1.281180754042 0.124500002916
1.295906969606 0.124493404591
1.310633185169 0.124486773800
1.325359400733 0.124480110035
1.340085616297 0.124473412787
1.354811831861 0.124466681542
1.369538047424 0.124459915787
1.384264262988 0.124453115008
1.398990478552 0.124446278686
1.413716694115 0.124439406305
1.428442909679 0.124432497344
1.443169125243 0.124425551282
1.457895340807 0.124418567596
1.472621556370 0.124411545764
1.487347771934 0.124404485260
1.502073987498 0.124397385558
1.516800203061 0.124390246130
1.531526418625 0.124383066449
1.546252634189 0.124375845986
1.560978849752 0.124368584209
1.575705065316 0.124361280588
1.590431280880 0.124353934590
1.605157496444 0.124346545681
1.619883712007 0.124339113329
1.634609927571 0.124331636997
1.649336143135 0.124324116150
1.664062358698 0.124316550251
1.678788574262 0.124308938761
1.693514789826 0.124301281144
1.708241005389 0.124293576858
1.722967220953 0.124285825364
1.737693436517 0.124278026121
1.752419652081 0.124270178585
1.767145867644 0.124262282215
1.781872083208 0.124254336465
1.796598298772 0.124246340791
1.811324514335 0.124238294646
1.826050729899 0.124230197483
1.840776945463 0.124222048754
1.855503161026 0.124213847908
1.870229376590 0.124205594395
1.884955592154 0.124197287663
1.899681807718 0.124188927157
1.914408023281 0.124180512323
1.929134238845 0.124172042603
1.943860454409 0.124163517440
1.958586669972 0.124154936274
1.973312885536 0.124146298541
1.988039101100 0.124137603679
2.002765316663 0.124128851121
2.017491532227 0.124120040299
2.032217747791 0.124111170643
2.046943963355 0.124102241579
2.061670178918 0.124093252533
2.076396394482 0.124084202926
2.091122610046 0.124075092178
2.105848825609 0.124065919704
2.120575041173 0.124056684918
2.135301256737 0.124047387228
2.150027472301 0.124038026042
2.164753687864 0.124028600761
2.179479903428 0.124019110785
2.194206118992 0.124009555508
2.208932334555 0.123999934320
2.223658550119 0.123990246608
2.238384765683 0.123980491753
2.253110981246 0.123970669132
2.267837196810 0.123960778117
2.282563412374 0.123950818073
2.297289627938 0.123940788361
2.312015843501 0.123930688337
2.326742059065 0.123920517349
2.341468274629 0.123910274740
2.356194490192 0.123899959847
2.370920705756 0.123889571999
2.385646921320 0.123879110519
2.400373136883 0.123868574720
2.415099352447 0.123857963912
2.429825568011 0.123847277392
2.444551783575 0.123836514453
2.459277999138 0.123825674377
2.474004214702 0.123814756438
2.488730430266 0.123803759899
2.503456645829 0.123792684017
2.518182861393 0.123781528035
2.532909076957 0.123770291188
2.547635292520 0.123758972701
2.562361508084 0.123747571786
2.577087723648 0.123736087644
2.591813939212 0.123724519466
2.606540154775 0.123712866428
2.621266370339 0.123701127696
2.635992585903 0.123689302421
2.650718801466 0.123677389741
2.665445017030 0.123665388782
2.680171232594 0.123653298652
2.694897448157 0.123641118447
2.709623663721 0.123628847247
2.724349879285 0.123616484117
2.739076094849 0.123604028104
2.753802310412 0.123591478240
2.768528525976 0.123578833539
2.783254741540 0.123566092997
2.797980957103 0.123553255595
2.812707172667 0.123540320290
2.827433388231 0.123527286024
2.842159603795 0.123514151719
2.856885819358 0.123500916274
2.871612034922 0.123487578570
2.886338250486 0.123474137467
2.901064466049 0.123460591801
2.915790681613 0.123446940386
2.930516897177 0.123433182016
2.945243112740 0.123419315458
2.959969328304 0.123405339457
2.974695543868 0.123391252732
2.989421759432 0.123377053979
3.004147974995 0.123362741865
3.018874190559 0.123348315034
3.033600406123 0.123333772101
3.048326621686 0.123319111652
3.063052837250 0.123304332249
3.077779052814 0.123289432420
3.092505268377 0.123274410666
3.107231483941 0.123259265459
3.121957699505 0.123243995237
3.136683915069 0.123228598407
3.151410130632 0.123213073344
3.166136346196 0.123197418390
3.180862561760 0.123181631852
3.195588777323 0.123165712002
3.210314992887 0.123149657077
3.225041208451 0.123133465276
3.239767424014 0.123117134762
3.254493639578 0.123100663657
3.269219855142 0.123084050046
3.283946070706 0.123067291973
3.298672286269 0.123050387437
3.313398501833 0.123033334400
3.328124717397 0.123016130775
3.342850932960 0.122998774433
3.357577148524 0.122981263198
3.372303364088 0.122963594846
3.387029579651 0.122945767105
3.401755795215 0.122927777654
3.416482010779 0.122909624119
3.431208226343 0.122891304073
3.445934441906 0.122872815037
3.460660657470 0.122854154475
3.475386873034 0.122835319794
3.490113088597 0.122816308342
3.504839304161 0.122797117407
3.519565519725 0.122777744217
3.534291735289 0.122758185933
3.549017950852 0.122738439654
3.563744166416 0.122718502411
3.578470381980 0.122698371168
3.593196597543 0.122678042818
3.607922813107 0.122657514185
3.622649028671 0.122636782019
3.637375244234 0.122615842998
3.652101459798 0.122594693724
3.666827675362 0.122573330727
3.681553890926 0.122551750458
3.696280106489 0.122529949295
3.711006322053 0.122507923541
3.725732537617 0.122485669423
3.740458753180 0.122463183096
3.755184968744 0.122440460641
3.769911184308 0.122417498071
3.784637399871 0.122394291331
3.799363615435 0.122370836302
3.814089830999 0.122347128806
3.828816046563 0.122323164605
3.843542262126 0.122298939412
3.858268477690 0.122274448894
3.872994693254 0.122249688676
3.887720908817 0.122224654347
3.902447124381 0.122199341470
3.917173339945 0.122173745583
3.931899555508 0.122147862211
3.946625771072 0.122121686866
3.961351986636 0.122095215063
3.976078202200 0.122068442315
3.990804417763 0.122041364151
4.005530633327 0.122013976111
4.020256848891 0.121986273759
4.034983064454 0.121958252685
4.049709280018 0.121929908509
4.064435495582 0.121901236884
4.079161711145 0.121872233497
4.093887926709 0.121842894074
4.108614142273 0.121813214372
4.123340357837 0.121783190184
4.138066573400 0.121752817326
4.152792788964 0.121722091638
4.167519004528 0.121691008964
4.182245220091 0.121659565145
4.196971435655 0.121627755994
4.211697651219 0.121595577279
4.226423866783 0.121563024687
4.241150082346 0.121530093797
4.255876297910 0.121496780033
4.270602513474 0.121463078622
4.285328729037 0.121428984536
4.300054944601 0.121394492437
4.314781160165 0.121359596608
4.329507375728 0.121324290881
4.344233591292 0.121288568560
4.358959806856 0.121252422340
4.373686022420 0.121215844222
4.388412237983 0.121178825425
4.403138453547 0.121141356300
4.417864669111 0.121103426242
4.432590884674 0.121065023607
4.447317100238 0.121026135629
4.462043315802 0.120986748348
4.476769531365 0.120946846541
4.491495746929 0.120906413663
4.506221962493 0.120865431803
4.520948178057 0.120823881643
4.535674393620 0.120781742440
4.550400609184 0.120738992022
4.565126824748 0.120695606796
4.579853040311 0.120651561783
4.594579255875 0.120606830670
4.609305471439 0.120561385893
4.624031687002 0.120515198739
4.638757902566 0.120468239487
4.653484118130 0.120420477574
4.668210333694 0.120371881805
4.682936549257 0.120322420592
4.697662764821 0.120272062241
4.712388980385 0.120220775276
4.727115195948 0.120168528804
4.741841411512 0.120115292919
4.756567627076 0.120061039139
4.771293842639 0.120005740876
4.786020058203 0.119949373925
4.800746273767 0.119891916956
4.815472489331 0.119833352008
4.830198704894 0.119773664955
4.844924920458 0.119712845935
4.859651136022 0.119650889710
4.874377351585 0.119587795959
4.889103567149 0.119523569471
4.903829782713 0.119458220235
4.918555998277 0.119391763428
4.933282213840 0.119324219305
4.948008429404 0.119255612999
4.962734644968 0.119185974259
4.977460860531 0.119115337145
4.992187076095 0.119043739706
5.006913291659 0.118971223652
5.021639507222 0.118897834038
5.036365722786 0.118823618940
5.051091938350 0.118748629127
5.065818153914 0.118672917688
5.080544369477 0.118596539600
5.095270585041 0.118519551197
5.109996800605 0.118442009547
5.124723016168 0.118363971696
5.139449231732 0.118285493817
5.154175447296 0.118206630241
5.168901662859 0.118127432417
5.183627878423 0.118047947811
5.198354093987 0.117968218827
5.213080309551 0.117888281813
5.227806525114 0.117808166283
5.242532740678 0.117727894467
5.257258956242 0.117647481309
5.271985171805 0.117566934947
5.286711387369 0.117486257663
5.301437602933 0.117405447188
5.316163818496 0.117324498179
5.330890034060 0.117243403694
5.345616249624 0.117162156496
5.360342465188 0.117080750083
5.375068680751 0.116999179433
5.389794896315 0.116917441455
5.404521111879 0.116835535181
5.419247327442 0.116753461727
5.433973543006 0.116671224038
5.448699758570 0.116588826459
5.463425974134 0.116506274197
5.478152189697 0.116423572792
5.492878405261 0.116340727721
5.507604620825 0.116257744255
5.522330836388 0.116174627599
5.537057051952 0.116091383289
5.551783267516 0.116008017712
5.566509483079 0.115924538590
5.581235698643 0.115840955245
5.595961914207 0.115757278572
5.610688129771 0.115673520664
5.625414345334 0.115589694191
5.640140560898 0.115505811662
5.654866776462 0.115421884732
5.669592992025 0.115337923719
5.684319207589 0.115253937399
5.699045423153 0.115169933117
5.713771638716 0.115085917157
5.728497854280 0.115001895257
5.743224069844 0.114917873161
5.757950285408 0.114833857064
5.772676500971 0.114749853863
5.787402716535 0.114665871137
5.802128932099 0.114581916837
5.816855147662 0.114497998676
5.831581363226 0.114414123283
5.846307578790 0.114330295157
5.861033794353 0.114246515554
5.875760009917 0.114162781411
5.890486225481 0.114079084473
5.905212441045 0.113995410769
5.919938656608 0.113911740586
5.934664872172 0.113828049005
5.949391087736 0.113744306985
5.964117303299 0.113660482860
5.978843518863 0.113576543963
5.993569734427 0.113492458015
6.008295949991 0.113408193858
6.023022165554 0.113323721208
6.037748381118 0.113239009242
6.052474596682 0.113154024130
6.067200812245 0.113068725880
6.081927027809 0.112983065157
6.096653243373 0.112896980861
6.111379458936 0.112810399228
6.126105674500 0.112723235000
6.140831890064 0.112635394870
6.155558105628 0.112546782954
6.170284321191 0.112457307665
6.185010536755 0.112366889074
6.199736752319 0.112275465773
6.214462967882 0.112183000339
6.229189183446 0.112089482794
6.243915399010 0.111994931770
6.258641614573 0.111899393427
6.273367830137 0.111802938415
6.288094045701 0.111705657267
6.302820261265 0.111607654637
6.317546476828 0.111509042788
6.332272692392 0.111409934699
6.346998907956 0.111310437232
6.361725123519 0.111210644896
6.376451339083 0.111110634838
6.391177554647 0.111010463712
6.405903770210 0.110910166916
6.420629985774 0.110809760339
6.435356201338 0.110709244333
6.450082416902 0.110608609097
6.464808632465 0.110507840361
6.479534848029 0.110406924149
6.494261063593 0.110305849686
6.508987279156 0.110204610031
6.523713494720 0.110103200666
6.538439710284 0.110001616858
6.553165925847 0.109899850931
6.567892141411 0.109797890534
6.582618356975 0.109695718623
6.597344572539 0.109593315338
6.612070788102 0.109490661385
6.626797003666 0.109387742129
6.641523219230 0.109284551472
6.656249434793 0.109181094642
6.670975650357 0.109077389257
6.685701865921 0.108973464308
6.700428081485 0.108869356995
6.715154297048 0.108765107662
6.729880512612 0.108660753412
6.744606728176 0.108556321340
6.759332943739 0.108451822580
6.774059159303 0.108347248438
6.788785374867 0.108242569606
6.803511590430 0.108137738792
6.818237805994 0.108032696211
6.832964021558 0.107927376569
6.847690237122 0.107821715636
6.862416452685 0.107715654652
6.877142668249 0.107609141495
6.891868883813 0.107502128753
6.906595099376 0.107394569949
6.921321314940 0.107286415934
6.936047530504 0.107177613372
6.950773746067 0.107068106327
6.965499961631 0.106957840625
6.980226177195 0.106846769328
6.994952392759 0.106734857066
7.009678608322 0.106622081329
7.024404823886 0.106508430030
7.039131039450 0.106393896265
7.053857255013 0.106278472471
7.068583470577 0.106162146655
7.083309686141 0.106044902633
7.098035901704 0.105926724617
7.112762117268 0.105807604557
7.127488332832 0.105687549223
7.142214548396 0.105566583868
7.156940763959 0.105444750435
7.171666979523 0.105322100342
7.186393195087 0.105198683914
7.201119410650 0.105074539746
7.215845626214 0.104949687331
7.230571841778 0.104824125110
7.245298057342 0.104697834388
7.260024272905 0.104570787824
7.274750488469 0.104442960010
7.289476704033 0.104314337287
7.304202919596 0.104184924394
7.318929135160 0.104054746547
7.333655350724 0.103923846793
7.348381566287 0.103792279636
7.363107781851 0.103660102683
7.377833997415 0.103527368435
7.392560212979 0.103394118177
7.407286428542 0.103260379425
7.422012644106 0.103126167618
7.436738859670 0.102991491801
7.451465075233 0.102856363203
7.466191290797 0.102720804854
7.480917506361 0.102584860020
7.495643721924 0.102448597248
7.510369937488 0.102312110268
7.525096153052 0.102175511930
7.539822368616 0.102038922528
7.554548584179 0.101902454195
7.569274799743 0.101766194230
7.584001015307 0.101630190942
7.598727230870 0.101494445523
7.613453446434 0.101358912383
7.628179661998 0.101223508226
7.642905877561 0.101088127523
7.657632093125 0.100952659682
7.672358308689 0.100817002288
7.687084524253 0.100681066080
7.701810739816 0.100544770661
7.716536955380 0.100408034114
7.731263170944 0.100270762798
7.745989386507 0.100132847808
7.760715602071 0.099994171656
7.775441817635 0.099854623822
7.790168033199 0.099714119738
7.804894248762 0.099572616454
7.819620464326 0.099430120438
7.834346679890 0.099286686960
7.849072895453 0.099142413563
7.863799111017 0.098997430740
7.878525326581 0.098851891149
7.893251542144 0.098705956907
7.907977757708 0.098559784442
7.922703973272 0.098413508468
7.937430188836 0.098267229125
7.952156404399 0.098121006805
7.966882619963 0.097974866735
7.981608835527 0.097828811145
7.996335051090 0.097682833451
8.011061266654 0.097536928336
8.025787482218 0.097391094192
8.040513697781 0.097245328403
8.055239913345 0.097099619075
8.069966128909 0.096953937789
8.084692344473 0.096808236706
8.099418560036 0.096662451190
8.114144775600 0.096516507076
8.128870991164 0.096370330574
8.143597206727 0.096223858400
8.158323422291 0.096077045852
8.173049637855 0.095929870932
8.187775853418 0.095782333400
8.202502068982 0.095634448809
8.217228284546 0.095486238909
8.231954500110 0.095337720929
8.246680715673 0.095188898584
8.261406931237 0.095039756908
8.276133146801 0.094890261589
8.290859362364 0.094740361814
8.305585577928 0.094589994633
8.320311793492 0.094439088914
8.335038009055 0.094287567947
8.349764224619 0.094135351208
8.364490440183 0.093982356813
8.379216655747 0.093828506286
8.393942871310 0.093673732287
8.408669086874 0.093517988358
8.423395302438 0.093361258309
8.438121518001 0.093203562253
8.452847733565 0.093044956904
8.467573949129 0.092885529377
8.482300164692 0.092725385771
8.497026380256 0.092564637494
8.511752595820 0.092403388974
8.526478811384 0.092241729829
8.541205026947 0.092079733028
8.555931242511 0.091917458571
8.570657458075 0.091754960582
8.585383673638 0.091592294883
8.600109889202 0.091429524351
8.614836104766 0.091266720399
8.629562320330 0.091103960401
8.644288535893 0.090941322132
8.659014751457 0.090778877108
8.673740967021 0.090616684736
8.688467182584 0.090454788705
8.703193398148 0.090293216185
8.717919613712 0.090131979544
8.732645829275 0.089971079710
8.747372044839 0.089810510066
8.762098260403 0.089650259968
8.776824475967 0.089490317379
8.791550691530 0.089330670611
8.806276907094 0.089171309496
8.821003122658 0.089012226427
8.835729338221 0.088853417570
8.850455553785 0.088694884197
8.865181769349 0.088536633750
8.879907984912 0.088378680017
8.894634200476 0.088221041870
8.909360416040 0.088063740286
8.924086631604 0.087906793976
8.938812847167 0.087750214447
8.953539062731 0.087594001762
8.968265278295 0.087438142263
8.982991493858 0.087282609138
8.997717709422 0.087127365994
9.012443924986 0.086972372744
9.027170140549 0.086817592440
9.041896356113 0.086662997366
9.056622571677 0.086508572927
9.071348787241 0.086354318476
9.086075002804 0.086200245143
9.100801218368 0.086046371525
9.115527433932 0.085892718715
9.130253649495 0.085739306166
9.144979865059 0.085586149554
9.159706080623 0.085433260991
9.174432296186 0.085280651171
9.189158511750 0.085128332289
9.203884727314 0.084976320372
9.218610942878 0.084824635823
9.233337158441 0.084673301629
9.248063374005 0.084522339512
9.262789589569 0.084371765011
9.277515805132 0.084221582998
9.292242020696 0.084071785029
9.306968236260 0.083922349538
9.321694451823 0.083773245043
9.336420667387 0.083624435707
9.351146882951 0.083475887915
9.365873098515 0.083327576208
9.380599314078 0.083179487061
9.395325529642 0.083031619561
9.410051745206 0.082883982813
9.424777960769 0.082736590784
9.439504176333 0.082589455859
9.454230391897 0.082442582705
9.468956607460 0.082295963861
9.483682823024 0.082149577973
9.498409038588 0.082003390894
9.513135254152 0.081857359162
9.527861469715 0.081711434896
9.542587685279 0.081565570904
9.557313900843 0.081419724961
9.572040116406 0.081273862548
9.586766331970 0.081127957824
9.601492547534 0.080981993083
9.616218763098 0.080835957223
9.630944978661 0.080689843892
9.645671194225 0.080543649940
9.660397409789 0.080397374554
9.675123625352 0.080251019263
9.689849840916 0.080104588677
9.704576056480 0.079958091688
9.719302272043 0.079811542699
9.734028487607 0.079664962488
9.748754703171 0.079518378354
9.763480918735 0.079371823379
9.778207134298 0.079225334799
9.792933349862 0.079078951647
9.807659565426 0.078932711998
9.822385780989 0.078786650174
9.837111996553 0.078640794291
9.851838212117 0.078495164448
9.866564427680 0.078349771756
9.881290643244 0.078204618273
9.896016858808 0.078059697790
9.910743074372 0.077914997330
9.925469289935 0.077770499165
9.940195505499 0.077626183116
9.954921721063 0.077482028907
9.969647936626 0.077338018363
9.984374152190 0.077194137248
9.999100367754 0.077050376587
10.013826583317 0.076906733367
10.028552798881 0.076763210556
10.043279014445 0.076619816445
10.058005230009 0.076476563394
10.072731445572 0.076333466125
10.087457661136 0.076190539742
10.102183876700 0.076047797723
10.116910092263 0.075905250087
10.131636307827 0.075762901956
10.146362523391 0.075620752649
10.161088738954 0.075478795410
10.175814954518 0.075337017758
10.190541170082 0.075195402413
10.205267385646 0.075053928655
10.219993601209 0.074912573966
10.234719816773 0.074771315765
10.249446032337 0.074630133069
10.264172247900 0.074489007957
10.278898463464 0.074347926709
10.293624679028 0.074206880600
10.308350894591 0.074065866313
10.323077110155 0.073924885977
10.337803325719 0.073783946874
10.352529541283 0.073643060825
10.367255756846 0.073502243308
10.381981972410 0.073361512342
10.396708187974 0.073220887199
10.411434403537 0.073080387017
10.426160619101 0.072940029413
10.440886834665 0.072799829186
10.455613050229 0.072659797251
10.470339265792 0.072519939888
10.485065481356 0.072380258399
10.499791696920 0.072240749223
10.514517912483 0.072101404498
10.529244128047 0.071962213030
10.543970343611 0.071823161552
10.558696559174 0.071684236153
10.573422774738 0.071545423702
10.588148990302 0.071406713124
10.602875205866 0.071268096369
10.617601421429 0.071129568994
10.632327636993 0.070991130301
10.647053852557 0.070852783023
10.661780068120 0.070714532652
10.676506283684 0.070576386489
10.691232499248 0.070438352569
10.705958714811 0.070300438610
10.720684930375 0.070162651113
10.735411145939 0.070024994749
10.750137361503 0.069887472071
10.764863577066 0.069750083601
10.779589792630 0.069612828234
10.794316008194 0.069475703914
10.809042223757 0.069338708441
10.823768439321 0.069201840307
10.838494654885 0.069065099434
10.853220870448 0.068928487684
10.867947086012 0.068792009085
10.882673301576 0.068655669730
10.897399517140 0.068519477344
10.912125732703 0.068383440591
10.926851948267 0.068247568205
10.941578163831 0.068111868063
10.956304379394 0.067976346335
10.971030594958 0.067841006823
10.985756810522 0.067705850590
11.000483026085 0.067570875925
11.015209241649 0.067436078641
11.029935457213 0.067301452660
11.044661672777 0.067166990795
11.059387888340 0.067032685602
11.074114103904 0.066898530177
11.088840319468 0.066764518793
11.103566535031 0.066630647290
11.118292750595 0.066496913184
11.133018966159 0.066363315519
11.147745181722 0.066229854501
11.162471397286 0.066096531023
11.177197612850 0.065963346154
11.191923828414 0.065830300723
11.206650043977 0.065697395039
11.221376259541 0.065564628819
11.236102475105 0.065432001306
11.250828690668 0.065299511572
11.265554906232 0.065167158928
11.280281121796 0.065034943378
11.295007337359 0.064902866039
11.309733552923 0.064770929447
11.324459768487 0.064639137705
11.339185984051 0.064507496442
11.353912199614 0.064376012582
11.368638415178 0.064244693947
11.383364630742 0.064113548737
11.398090846305 0.063982584961
11.412817061869 0.063851809862
11.427543277433 0.063721229428
11.442269492997 0.063590848029
11.456995708560 0.063460668227
11.471721924124 0.063330690790
11.486448139688 0.063200914901
11.501174355251 0.063071338548
11.515900570815 0.062941959058
11.530626786379 0.062812773713
11.545353001942 0.062683780390
11.560079217506 0.062554978149
11.574805433070 0.062426367699
11.589531648634 0.062297951711
11.604257864197 0.062169734908
11.618984079761 0.062041723950
11.633710295325 0.061913927108
11.648436510888 0.061786353768
11.663162726452 0.061659013815
11.677888942016 0.061531916964
11.692615157579 0.061405072115
11.707341373143 0.061278486783
11.722067588707 0.061152166674
11.736793804271 0.061026115437
11.751520019834 0.060900334612
11.766246235398 0.060774823770
11.780972450962 0.060649580818
11.795698666525 0.060524602443
11.810424882089 0.060399884639
11.825151097653 0.060275423277
11.839877313216 0.060151214666
11.854603528780 0.060027256068
11.869329744344 0.059903546140
11.884055959908 0.059780085273
11.898782175471 0.059656875822
11.913508391035 0.059533922216
11.928234606599 0.059411230946
11.942960822162 0.059288810437
11.957687037726 0.059166670804
11.972413253290 0.059044823494
11.987139468853 0.058923280850
12.001865684417 0.058802055580
12.016591899981 0.058681160190
12.031318115545 0.058560606381
12.046044331108 0.058440404467
12.060770546672 0.058320562844
12.075496762236 0.058201087541
12.090222977799 0.058081981901
12.104949193363 0.057963246407
12.119675408927 0.057844878673
12.134401624490 0.057726873598
12.149127840054 0.057609223672
12.163854055618 0.057491919406
12.178580271182 0.057374949851
12.193306486745 0.057258303163
12.208032702309 0.057141967157
12.222758917873 0.057025929829
12.237485133436 0.056910179788
12.252211349000 0.056794706590
12.266937564564 0.056679500958
12.281663780127 0.056564554888
12.296389995691 0.056449861667
12.311116211255 0.056335415812
12.325842426819 0.056221212984
12.340568642382 0.056107249882
12.355294857946 0.055993524167
12.370021073510 0.055880034421
12.384747289073 0.055766780166
12.399473504637 0.055653761930
12.414199720201 0.055540981352
12.428925935765 0.055428441305
12.443652151328 0.055316146015
12.458378366892 0.055204101135
12.473104582456 0.055092313753
12.487830798019 0.054980792319
12.502557013583 0.054869546460
12.517283229147 0.054758586709
12.532009444710 0.054647924135
12.546735660274 0.054537569913
12.561461875838 0.054427534861
12.576188091402 0.054317828977
12.590914306965 0.054208461017
12.605640522529 0.054099438147
12.620366738093 0.053990765697
12.635092953656 0.053882447023
12.649819169220 0.053774483506
12.664545384784 0.053666874648
12.679271600347 0.053559618274
12.693997815911 0.053452710809
12.708724031475 0.053346147592
12.723450247039 0.053239923205
12.738176462602 0.053134031793
12.752902678166 0.053028467338
12.767628893730 0.052923223895
12.782355109293 0.052818295765
12.797081324857 0.052713677615
12.811807540421 0.052609364557
12.826533755984 0.052505352189
12.841259971548 0.052401636617
12.855986187112 0.052298214472
12.870712402676 0.052195082928
12.885438618239 0.052092239729
12.900164833803 0.051989683222
12.914891049367 0.051887412395
12.929617264930 0.051785426919
12.944343480494 0.051683727170
12.959069696058 0.051582314244
12.973795911621 0.051481189946
12.988522127185 0.051380356751
13.003248342749 0.051279817744
13.017974558313 0.051179576535
13.032700773876 0.051079637163
13.047426989440 0.050980003983
13.062153205004 0.050880681556
13.076879420567 0.050781674539
13.091605636131 0.050682987579
13.106331851695 0.050584625220
13.121058067258 0.050486591812
13.135784282822 0.050388891426
13.150510498386 0.050291527783
13.165236713950 0.050194504175
13.179962929513 0.050097823403
13.194689145077 0.050001487714
13.209415360641 0.049905498749
13.224141576204 0.049809857517
13.238867791768 0.049714564375
13.253594007332 0.049619619045
13.268320222896 0.049525020656
13.283046438459 0.049430767814
13.297772654023 0.049336858706
13.312498869587 0.049243291222
13.327225085150 0.049150063100
13.341951300714 0.049057172075
13.356677516278 0.048964616025
13.371403731841 0.048872393114
13.386129947405 0.048780501896
13.400856162969 0.048688941406
13.415582378533 0.048597711202
13.430308594096 0.048506811375
13.445034809660 0.048416242517
13.459761025224 0.048326005655
13.474487240787 0.048236102153
13.489213456351 0.048146533595
13.503939671915 0.048057301647
13.518665887478 0.047968407926
13.533392103042 0.047879853858
13.548118318606 0.047791640569
13.562844534170 0.047703768777
13.577570749733 0.047616238724
13.592296965297 0.047529050132
13.607023180861 0.047442202193
13.621749396424 0.047355693584
13.636475611988 0.047269522519
13.651201827552 0.047183686818
13.665928043115 0.047098184002
13.680654258679 0.047013011394
13.695380474243 0.046928166231
13.710106689807 0.046843645776
13.724832905370 0.046759447419
13.739559120934 0.046675568767
13.754285336498 0.046592007719
13.769011552061 0.046508762517
13.783737767625 0.046425831774
13.798463983189 0.046343214484
13.813190198752 0.046260910006
13.827916414316 0.046178918026
13.842642629880 0.046097238509
13.857368845444 0.046015871634
13.872095061007 0.045934817724
13.886821276571 0.045854077172
13.901547492135 0.045773650369
13.916273707698 0.045693537634
13.930999923262 0.045613739159
13.945726138826 0.045534254963
13.960452354389 0.045455084855
13.975178569953 0.045376228417
13.989904785517 0.045297684996
14.004631001081 0.045219453711
14.019357216644 0.045141533470
14.034083432208 0.045063922996
14.048809647772 0.044986620860
14.063535863335 0.044909625520
14.078262078899 0.044832935354
14.092988294463 0.044756548706
14.107714510026 0.044680463913
14.122440725590 0.044604679346
14.137166941154 0.044529193429
14.151893156718 0.044454004662
14.166619372281 0.044379111640
14.181345587845 0.044304513055
14.196071803409 0.044230207704
14.210798018972 0.044156194485
14.225524234536 0.044082472392
14.240250450100 0.044009040503
14.254976665664 0.043935897968
14.269702881227 0.043863043993
14.284429096791 0.043790477818
14.299155312355 0.043718198704
14.313881527918 0.043646205903
14.328607743482 0.043574498639
14.343333959046 0.043503076083
14.358060174609 0.043431937329
14.372786390173 0.043361081364
14.387512605737 0.043290507045
14.402238821301 0.043220213075
14.416965036864 0.043150197975
14.431691252428 0.043080460068
14.446417467992 0.043010997459
14.461143683555 0.042941808019
14.475869899119 0.042872889386
14.490596114683 0.042804238959
14.505322330246 0.042735853905
14.520048545810 0.042667731180
14.534774761374 0.042599867547
14.549500976938 0.042532259614
14.564227192501 0.042464903867
14.578953408065 0.042397796720
14.593679623629 0.042330934562
14.608405839192 0.042264313811
14.623132054756 0.042197930968
14.637858270320 0.042131782662
14.652584485883 0.042065865707
14.667310701447 0.042000177132
14.682036917011 0.041934714226
14.696763132575 0.041869474551
14.711489348138 0.041804455966
14.726215563702 0.041739656623
14.740941779266 0.041675074964
14.755667994829 0.041610709704
14.770394210393 0.041546559809
14.785120425957 0.041482624456
14.799846641520 0.041418903007
14.814572857084 0.041355394959
14.829299072648 0.041292099912
14.844025288212 0.041229017519
14.858751503775 0.041166147457
14.873477719339 0.041103489389
14.888203934903 0.041041042935
14.902930150466 0.040978807652
14.917656366030 0.040916783019
14.932382581594 0.040854968423
14.947108797157 0.040793363161
14.961835012721 0.040731966437
14.976561228285 0.040670777373
14.991287443849 0.040609795019
15.006013659412 0.040549018362
15.020739874976 0.040488446348
15.035466090540 0.040428077893
15.050192306103 0.040367911901
15.064918521667 0.040307947281
15.079644737231 0.040248182957
15.094370952794 0.040188617887
15.109097168358 0.040129251068
15.123823383922 0.040070081548
15.138549599486 0.040011108428
15.153275815049 0.039952330871
15.168002030613 0.039893748095
15.182728246177 0.039835359381
15.197454461740 0.039777164061
15.212180677304 0.039719161515
15.226906892868 0.039661351169
15.241633108432 0.039603732479
15.256359323995 0.039546304932
15.271085539559 0.039489068030
15.285811755123 0.039432021287
15.300537970686 0.039375164222
15.315264186250 0.039318496352
15.329990401814 0.039262017189
15.344716617377 0.039205726237
15.359442832941 0.039149622989
15.374169048505 0.039093706930
15.388895264069 0.039037977533
15.403621479632 0.038982434265
15.418347695196 0.038927076585
15.433073910760 0.038871903950
15.447800126323 0.038816915811
15.462526341887 0.038762111623
15.477252557451 0.038707490839
15.491978773014 0.038653052919
15.506704988578 0.038598797325
15.521431204142 0.038544723529
15.536157419706 0.038490831008
15.550883635269 0.038437119249
15.565609850833 0.038383587748
15.580336066397 0.038330236012
15.595062281960 0.038277063555
15.609788497524 0.038224069901
15.624514713088 0.038171254581
15.639240928651 0.038118617131
15.653967144215 0.038066157089
15.668693359779 0.038013873993
15.683419575343 0.037961767375
15.698145790906 0.037909836764
15.712872006470 0.037858081672
15.727598222034 0.037806501600
15.742324437597 0.037755096031
15.757050653161 0.037703864428
15.771776868725 0.037652806232
15.786503084288 0.037601920863
15.801229299852 0.037551207717
15.815955515416 0.037500666168
15.830681730980 0.037450295567
15.845407946543 0.037400095242
15.860134162107 0.037350064499
15.874860377671 0.037300202618
15.889586593234 0.037250508856
15.904312808798 0.037200982444
15.919039024362 0.037151622587
15.933765239925 0.037102428457
15.948491455489 0.037053399202
15.963217671053 0.037004533941
15.977943886617 0.036955831764
15.992670102180 0.036907291742
16.007396317744 0.036858912928
16.022122533308 0.036810694361
16.036848748871 0.036762635079
16.051574964435 0.036714734117
16.066301179999 0.036666990519
16.081027395563 0.036619403339
16.095753611126 0.036571971642
16.110479826690 0.036524694503
16.125206042254 0.036477571005
16.139932257817 0.036430600231
16.154658473381 0.036383781261
16.169384688945 0.036337113166
16.184110904508 0.036290595000
16.198837120072 0.036244225801
16.213563335636 0.036198004590
16.228289551200 0.036151930378
16.243015766763 0.036106002166
16.257741982327 0.036060218960
16.272468197891 0.036014579776
16.287194413454 0.035969083651
16.301920629018 0.035923729644
16.316646844582 0.035878516844
16.331373060145 0.035833444365
16.346099275709 0.035788511341
16.360825491273 0.035743716923
16.375551706837 0.035699060264
16.390277922400 0.035654540512
16.405004137964 0.035610156807
16.419730353528 0.035565908280
16.434456569091 0.035521794053
16.449182784655 0.035477813253
16.463909000219 0.035433965026
16.478635215782 0.035390248556
16.493361431346 0.035346663090
16.508087646910 0.035303207949
16.522813862474 0.035259882551
16.537540078037 0.035216686415
16.552266293601 0.035173619161
16.566992509165 0.035130680500
16.581718724728 0.035087870217
16.596444940292 0.035045188141
16.611171155856 0.035002634119
16.625897371419 0.034960207983
16.640623586983 0.034917909521
16.655349802547 0.034875738454
16.670076018111 0.034833694420
16.684802233674 0.034791776972
16.699528449238 0.034749985580
16.714254664802 0.034708319645
16.728980880365 0.034666778519
16.743707095929 0.034625361526
16.758433311493 0.034584067989
16.773159527056 0.034542897244
16.787885742620 0.034501848655
16.802611958184 0.034460921617
16.817338173748 0.034420115552
16.832064389311 0.034379429893
16.846790604875 0.034338864066
16.861516820439 0.034298417469
16.876243036002 0.034258089448
16.890969251566 0.034217879283
16.905695467130 0.034177786174
16.920421682693 0.034137809250
16.935147898257 0.034097947570
16.949874113821 0.034058200152
16.964600329385 0.034018565998
16.979326544948 0.033979044128
16.994052760512 0.033939633610
17.008778976076 0.033900333590
17.023505191639 0.033861143314
17.038231407203 0.033822062131
17.052957622767 0.033783089500
17.067683838331 0.033744224967
17.082410053894 0.033705468148
17.097136269458 0.033666818698
17.111862485022 0.033628276281
17.126588700585 0.033589840544
17.141314916149 0.033551511094
17.156041131713 0.033513287488
17.170767347276 0.033475169231
17.185493562840 0.033437155778
17.200219778404 0.033399246551
17.214945993968 0.033361440949
17.229672209531 0.033323738371
17.244398425095 0.033286138222
17.259124640659 0.033248639920
17.273850856222 0.033211242903
17.288577071786 0.033173946617
17.303303287350 0.033136750516
17.318029502913 0.033099654045
17.332755718477 0.033062656636
17.347481934041 0.033025757705
17.362208149605 0.032988956651
17.376934365168 0.032952252863
17.391660580732 0.032915645735
17.406386796296 0.032879134680
17.421113011859 0.032842719144
17.435839227423 0.032806398619
17.450565442987 0.032770172652
17.465291658550 0.032734040844
17.480017874114 0.032698002845
17.494744089678 0.032662058336
17.509470305242 0.032626207021
17.524196520805 0.032590448600
17.538922736369 0.032554782760
17.553648951933 0.032519209163
17.568375167496 0.032483727442
17.583101383060 0.032448337205
17.597827598624 0.032413038045
17.612553814187 0.032377829554
17.627280029751 0.032342711341
17.642006245315 0.032307683041
17.656732460879 0.032272744328
17.671458676442 0.032237894915
17.686184892006 0.032203134544
17.700911107570 0.032168462978
17.715637323133 0.032133879972
17.730363538697 0.032099385256
17.745089754261 0.032064978507
17.759815969824 0.032030659332
17.774542185388 0.031996427258
17.789268400952 0.031962281722
17.803994616516 0.031928222088
17.818720832079 0.031894247654
17.833447047643 0.031860357682
17.848173263207 0.031826551424
17.862899478770 0.031792828143
17.877625694334 0.031759187145
17.892351909898 0.031725627792
17.907078125461 0.031692149509
17.921804341025 0.031658751786
17.936530556589 0.031625434169
17.951256772153 0.031592196242
17.965982987716 0.031559037607
17.980709203280 0.031525957867
17.995435418844 0.031492956606
18.010161634407 0.031460033379
18.024887849971 0.031427187710
18.039614065535 0.031394419094
18.054340281099 0.031361727012
18.069066496662 0.031329110951
18.083792712226 0.031296570425
18.098518927790 0.031264104998
18.113245143353 0.031231714301
18.127971358917 0.031199398048
18.142697574481 0.031167156035
18.157423790044 0.031134988135
18.172150005608 0.031102894288
18.186876221172 0.031070874472
18.201602436736 0.031038928682
18.216328652299 0.031007056902
18.231054867863 0.030975259078
18.245781083427 0.030943535100
18.260507298990 0.030911884790
18.275233514554 0.030880307905
18.289959730118 0.030848804138
18.304685945681 0.030817373140
18.319412161245 0.030786014541
18.334138376809 0.030754727976
18.348864592373 0.030723513109
18.363590807936 0.030692369655
18.378317023500 0.030661297396
18.393043239064 0.030630296182
18.407769454627 0.030599365931
18.422495670191 0.030568506614
18.437221885755 0.030537718235
18.451948101318 0.030507000806
18.466674316882 0.030476354316
18.481400532446 0.030445778714
18.496126748010 0.030415273883
18.510852963573 0.030384839634
18.525579179137 0.030354475700
18.540305394701 0.030324181744
18.555031610264 0.030293957380
18.569757825828 0.030263802192
18.584484041392 0.030233715767
18.599210256955 0.030203697719
18.613936472519 0.030173747720
18.628662688083 0.030143865519
18.643388903647 0.030114050959
18.658115119210 0.030084303976
18.672841334774 0.030054624595
18.687567550338 0.030025012913
18.702293765901 0.029995469080
18.717019981465 0.029965993262
18.731746197029 0.029936585615
18.746472412592 0.029907246253
18.761198628156 0.029877975218
18.775924843720 0.029848772460
18.790651059284 0.029819637825
18.805377274847 0.029790571046
18.820103490411 0.029761571753
18.834829705975 0.029732639482
18.849555921538 0.029703773695
18.864282137102 0.029674973803
18.879008352666 0.029646239195
18.893734568230 0.029617569260
18.908460783793 0.029588963411
18.923186999357 0.029560421101
18.937913214921 0.029531941838
18.952639430484 0.029503525193
18.967365646048 0.029475170793
18.982091861612 0.029446878324
18.996818077175 0.029418647519
19.011544292739 0.029390478144
19.026270508303 0.029362369993
19.040996723867 0.029334322871
19.055722939430 0.029306336588
19.070449154994 0.029278410953
19.085175370558 0.029250545770
19.099901586121 0.029222740837
19.114627801685 0.029194995950
19.129354017249 0.029167310907
19.144080232812 0.029139685508
19.158806448376 0.029112119562
19.173532663940 0.029084612885
19.188258879504 0.029057165301
19.202985095067 0.029029776641
19.217711310631 0.029002446729
19.232437526195 0.028975175385
19.247163741758 0.028947962409
19.261889957322 0.028920807574
19.276616172886 0.028893710620
19.291342388449 0.028866671249
19.306068604013 0.028839689118
19.320794819577 0.028812763845
19.335521035141 0.028785895008
19.350247250704 0.028759082153
19.364973466268 0.028732324805
19.379699681832 0.028705622476
19.394425897395 0.028678974674
19.409152112959 0.028652380917
19.423878328523 0.028625840740
19.438604544086 0.028599353700
19.453330759650 0.028572919380
19.468056975214 0.028546537390
19.482783190778 0.028520207363
19.497509406341 0.028493928951
19.512235621905 0.028467701821
19.526961837469 0.028441525644
19.541688053032 0.028415400087
19.556414268596 0.028389324813
19.571140484160 0.028363299468
19.585866699723 0.028337323684
19.600592915287 0.028311397078
19.615319130851 0.028285519248
19.630045346415 0.028259689786
19.644771561978 0.028233908272
19.659497777542 0.028208174291
19.674223993106 0.028182487432
19.688950208669 0.028156847295
19.703676424233 0.028131253498
19.718402639797 0.028105705680
19.733128855360 0.028080203501
19.747855070924 0.028054746647
19.762581286488 0.028029334823
19.777307502052 0.028003967754
19.792033717615 0.027978645183
19.806759933179 0.027953366863
19.821486148743 0.027928132559
19.836212364306 0.027902942041
19.850938579870 0.027877795079
19.865664795434 0.027852691449
19.880391010998 0.027827630925
19.895117226561 0.027802613281
19.909843442125 0.027777638296
19.924569657689 0.027752705749
19.939295873252 0.027727815425
19.954022088816 0.027702967115
19.968748304380 0.027678160616
19.983474519943 0.027653395735
19.998200735507 0.027628672285
